%time,field.header.seq,field.header.stamp,field.header.frame_id,field.pose.position.x,field.pose.position.y,field.pose.position.z,field.pose.orientation.x,field.pose.orientation.y,field.pose.orientation.z,field.pose.orientation.w
1596448205841720741,0,1596448205987591767,map,0.0163335800171,0.00778579711914,0.123868569732,-0.00349590250125,0.00398989926424,-0.993825573129,-0.110826844961
1596448206218288671,1,1596448206486644356,map,-0.00488090515137,0.00691223144531,0.0993620604277,-0.00335389420539,0.00403967909281,-0.993840632822,-0.110694303997
1596448206716519214,2,1596448206987659322,map,-0.0107421875,0.0118370056152,0.0739381760359,-0.00329348809738,0.00388791262693,-0.993849507732,-0.110621847088
1596448207214336225,3,1596448207486740665,map,-0.0148797035217,0.0128622055054,0.0365747697651,-0.00331388856961,0.00385493834933,-0.993855369976,-0.110569711781
1596448207714577365,4,1596448207986967795,map,-0.0137701034546,-0.00156593322754,-0.00398414954543,-0.00335811155636,0.0038202907625,-0.993862386481,-0.110506493947
1596448208214335592,5,1596448208486777176,map,-0.0174517631531,0.000232696533203,-0.0390764251351,-0.0033428439805,0.00386165235239,-0.993872279984,-0.110416502906
1596448208718145098,6,1596448208987110149,map,-0.00630664825439,0.00429821014404,-0.0505417920649,-0.00329815126735,0.00372436156338,-0.993866333038,-0.110476076064
1596448209214176293,7,1596448209486925573,map,0.0113129615784,0.00900936126709,-0.0596053488553,-0.00340582490602,0.00367684329856,-0.993863390139,-0.110500872948
1596448209714844524,8,1596448209986980134,map,0.0259456634521,0.0103139877319,-0.0687009170651,-0.00344961729045,0.00363277316889,-0.993861345919,-0.110519356624
1596448210214632970,9,1596448210486985003,map,0.0418667793274,0.0118389129639,-0.0848844274879,-0.00343763778192,0.00362198469193,-0.993867552658,-0.110464255068
1596448210719806382,10,1596448210987077068,map,0.0487012863159,0.0346765518188,-0.0937321186066,-0.00345115174316,0.00362663915825,-0.993872045315,-0.110423251998
1596448211214682867,11,1596448211487128139,map,0.0486645698547,0.0507030487061,-0.0807341188192,-0.00333501437664,0.00361623125453,-0.993880943172,-0.110347049573
1596448211718155762,12,1596448211987379906,map,0.0490431785583,0.10941696167,-0.088678047061,-0.00329670896797,0.00349513683294,-0.993875464078,-0.110401438541
1596448212194530168,13,1596448212467417227,map,0.0461964607239,0.147715568542,-0.0851112604141,-0.00327420028842,0.00322190531543,-0.993881055306,-0.11036007812
1596448212715875111,14,1596448212987279738,map,0.0529055595398,0.172819137573,-0.0587193891406,-0.0034217750525,0.00324981088398,-0.993902445699,-0.110161965384
1596448213216541022,15,1596448213487269240,map,0.0473976135254,0.179414749146,-0.0310845132917,-0.00342466938987,0.00333575104432,-0.993915850566,-0.110038295147
1596448213714887700,16,1596448213987368181,map,0.0587935447693,0.237364768982,0.00405074283481,-0.00340980781912,0.00358246932173,-0.993925861555,-0.109940533276
1596448214247366708,17,1596448214487411960,map,0.0757832527161,0.268559455872,0.0088476575911,-0.00351301156626,0.00319284891729,-0.993916752255,-0.110031604788
1596448214714430787,18,1596448214987474542,map,0.0758852958679,0.3077917099,0.0121758691967,-0.00374542512258,0.00337114450614,-0.993906474421,-0.110111431192
1596448215214400217,19,1596448215487515196,map,0.0865893363953,0.29613494873,0.0189402885735,-0.00395039307757,0.00354971644428,-0.993889162066,-0.110254829536
1596448215717753395,20,1596448215987525169,map,0.0620102882385,0.290760040283,-0.0164359360933,-0.00387473562166,0.00337042812382,-0.993847025128,-0.110642294271
1596448216215956767,21,1596448216487597961,map,0.0597863197327,0.309714317322,-0.047484099865,-0.00384781330921,0.00361894551582,-0.993842104916,-0.110679573826
1596448216717552934,22,1596448216987632885,map,0.0889830589294,0.349846839905,-0.0711665898561,-0.00393234710636,0.00346539290517,-0.993831033346,-0.110780886696
1596448217217936512,23,1596448217487654631,map,0.127152919769,0.369575500488,-0.0912537574768,-0.00414666178237,0.00333573061024,-0.993814373496,-0.110926413128
1596448217714957962,24,1596448217987832537,map,0.165007591248,0.360508918762,-0.0569167397916,-0.024780740588,0.00264592435253,-0.994665610069,-0.100096144411
1596448218214791480,25,1596448218487778963,map,0.193569660187,0.390929222107,-0.0593148507178,-0.0223550977327,0.0100778207723,-0.994114702279,-0.10552083134
1596448218714483864,26,1596448218987863631,map,0.185069561005,0.38981628418,-0.0996946245432,-0.0050739005121,0.00699645097804,-0.990335186057,-0.138425158351
1596448219218186300,27,1596448219487894804,map,0.186373233795,0.387884140015,-0.103391289711,-0.00438843901329,0.00333764581765,-0.991786873433,-0.127782625617
1596448219716382541,28,1596448219987902590,map,0.191086769104,0.38262462616,-0.105852931738,-0.00437210904234,0.00349294966008,-0.991776143,-0.127862293661
1596448220217953179,29,1596448220487991321,map,0.195450305939,0.358775138855,-0.0983435064554,-0.00413189670887,0.00361422302597,-0.991776624224,-0.127863178686
1596448220715308070,30,1596448220988037027,map,0.205911159515,0.317736625671,-0.111950516701,-0.00362393523974,0.00390245513297,-0.991737526537,-0.12817299402
1596448221214733312,31,1596448221488087421,map,0.164238452911,0.19070148468,-0.118607841432,-0.00355537337125,0.00410676658984,-0.991736095981,-0.128179599454
1596448221716135398,32,1596448221988118907,map,0.129296779633,0.0813541412354,-0.1152356565,-0.00326319860274,0.0045904633614,-0.991743778824,-0.128111499662
1596448222214477780,33,1596448222488138830,map,0.0794095993042,-0.0593185424805,-0.11544509232,-0.00317680681553,0.00469649953007,-0.991746190578,-0.128091156076
1596448222714949980,34,1596448222988401223,map,0.048656463623,-0.177364826202,-0.0988230407238,-0.00312025628249,0.0047533854285,-0.991751783963,-0.128047133254
1596448223214262500,35,1596448223488280872,map,0.00861406326294,-0.268526077271,-0.0823704004288,-0.00308035994277,0.00464301312011,-0.991752644378,-0.12804548481
1596448223714382054,36,1596448223988298190,map,-0.0193448066711,-0.345289707184,-0.0714843422174,-0.00302019829191,0.00435528644886,-0.991765892905,-0.127954380746
1596448224217334252,37,1596448224488334260,map,-0.0419907569885,-0.439680099487,-0.0720821321011,-0.00304405313878,0.00420962589408,-0.991784623084,-0.127813435151
1596448224714090492,38,1596448224988430179,map,-0.0560250282288,-0.514009475708,-0.0795006752014,-0.00307333237173,0.00409521493341,-0.991796140439,-0.127727051375
1596448225218147285,39,1596448225488439059,map,-0.00941848754883,-0.0701460838318,0.0113574666902,-0.00320129431134,0.00372411298422,-0.991808335662,-0.127640542181
1596448225716100212,40,1596448225988538937,map,-0.0235624313354,-0.167262554169,0.00410900823772,-0.00327791695493,0.00367300529745,-0.991819859334,-0.127550503422
1596448226213904971,41,1596448226488574850,map,-0.0330200195312,-0.253564357758,-0.0164063461125,-0.00332715753407,0.00343924557495,-0.991832073674,-0.127460736087
1596448226718045973,42,1596448226988596908,map,-0.0455074310303,-0.348100185394,-0.0410323925316,-0.00342120225351,0.00320597543439,-0.99183808287,-0.127417559486
1596448227218035042,43,1596448227488663970,map,-0.0582313537598,-0.441895008087,-0.050577070564,-0.00349517934608,0.00306366590264,-0.991844567861,-0.127368563139
1596448227732532287,44,1596448227988784267,map,-0.0412802696228,-0.510404109955,-0.0452112369239,-0.00361015050394,0.00299719454618,-0.991846319265,-0.127353298344
1596448228215457484,45,1596448228488716733,map,0.0140609741211,-0.0502495765686,0.0155419483781,-0.00383299890433,0.00276192902744,-0.991851247426,-0.127313718217
1596448228716837535,46,1596448228988928705,map,0.0434174537659,-0.0814208984375,0.00910060107708,-0.0039801592073,0.00261961779204,-0.991849771918,-0.127323705106
1596448229214347402,47,1596448229488840232,map,0.052161693573,-0.114810943604,0.00767134875059,-0.00397248614141,0.00233263504707,-0.991867790985,-0.127189085121
1596448229713982935,48,1596448229988930578,map,0.0513739585876,-0.166801452637,-0.0119720473886,-0.00382542440402,0.00228595287026,-0.991880754532,-0.127093309564
1596448230215430589,49,1596448230488886483,map,0.0560331344604,-0.217290878296,-0.0349125415087,-0.00368245609078,0.00250742071467,-0.99189043529,-0.127017781191
1596448230714731359,50,1596448230989260502,map,0.0563220977783,-0.263283729553,-0.0606139525771,-0.00368584392444,0.00258866444662,-0.991887515931,-0.12703884883
1596448231213933960,51,1596448231489035401,map,0.0674595832825,-0.29963684082,-0.0811153277755,-0.00357593828426,0.00270115291677,-0.991903004378,-0.126918660343
1596448231714703779,52,1596448231989326495,map,0.0599846839905,-0.3263463974,-0.101009331644,-0.00357529228628,0.00272494517763,-0.991900690914,-0.126936249048
1596448232214450518,53,1596448232489151139,map,0.0394277572632,-0.362454891205,-0.118588648736,-0.0033201823999,0.00276566797393,-0.991904061779,-0.126915955244
1596448232715903131,54,1596448232989409053,map,0.0253124237061,-0.394579410553,-0.123438678682,-0.00322495449379,0.0028522804271,-0.991905774041,-0.126903111033
1596448233214634428,55,1596448233488573476,map,-0.0010838508606,-0.4406914711,-0.11896314472,-0.00304982902674,0.00300734608853,-0.991917302557,-0.126813718897
1596448233715618496,56,1596448233989150119,map,-0.00478601455688,-0.470369815826,-0.0953065827489,-0.00287728172089,0.00321729100206,-0.991912124527,-0.126853094184
1596448234214975197,57,1596448234488652491,map,-0.00625228881836,-0.52428817749,-0.0683273151517,-0.00298269019534,0.00331766134195,-0.991908358911,-0.12687751655
1596448234713737697,58,1596448234988299982,map,-0.0103116035461,-0.560329437256,-0.0412047579885,-0.00299611831742,0.00345901028665,-0.991907651532,-0.126878955526
1596448235213510781,59,1596448235488434707,map,-0.00506210327148,-0.0152745246887,0.0222112461925,-0.00297830050844,0.00349468346247,-0.991911003201,-0.12685219211
1596448235716206480,60,1596448235988671160,map,-0.00922822952271,-0.0313839912415,0.0221908837557,-0.00295670742459,0.0034834337588,-0.991907027256,-0.126884092188
1596448236214647858,61,1596448236488489240,map,-0.0159616470337,-0.0428485870361,0.0174722149968,-0.0029482500039,0.00343453597469,-0.991906202015,-0.126892072995
1596448236713554342,62,1596448236988545000,map,-0.00135612487793,-0.0632801055908,0.0204509571195,-0.00298839910806,0.00342293523021,-0.991910781567,-0.126855643929
1596448237216299358,63,1596448237488630397,map,0.00782823562622,-0.0738677978516,0.016633361578,-0.00310342724428,0.0035979847046,-0.991925881497,-0.126729905157
1596448237733030859,64,1596448238008645005,map,-0.0122237205505,-0.0933666229248,-0.0192204266787,-0.00316783121147,0.0034532252225,-0.991941172163,-0.126612602252
1596448238213387974,65,1596448238488729154,map,-0.0241713523865,-0.0982308387756,-0.0401094853878,-0.00334614860417,0.00330711924817,-0.991957382029,-0.126484854786
1596448238713922166,66,1596448238989720472,map,-0.0250086784363,-0.103290081024,-0.0338008403778,-0.00340878397406,0.00325614852976,-0.991966736934,-0.126411117016
1596448239213564922,67,1596448239488725713,map,-0.0191044807434,-0.112820625305,-0.0410321354866,-0.00367729421366,0.00319601462411,-0.991974107505,-0.126347271587
1596448239714568560,68,1596448239989806883,map,-0.0196571350098,-0.119859695435,-0.0270300507545,-0.00376044806166,0.00317656927063,-0.991966204805,-0.126407345365
1596448240213654741,69,1596448240488901925,map,-0.00907945632935,-0.130334854126,0.00458888709545,-0.0039097906179,0.00346486989169,-0.99197535487,-0.126323408541
1596448240720014067,70,1596448240988932786,map,0.0219993591309,-0.133685588837,0.0221271887422,-0.00407630684198,0.00325082795354,-0.991975202081,-0.126325034319
1596448241214823188,71,1596448241488972137,map,0.0264458656311,-0.138222694397,0.0296002626419,-0.0041073872504,0.00310418039799,-0.99198754044,-0.126230792776
1596448241713540532,72,1596448241989079360,map,0.0531182289124,-0.105396747589,0.0834005475044,-0.00413144034454,0.00315289015989,-0.992003927295,-0.126099955254
1596448242194490567,73,1596448242468944946,map,0.0660028457642,-0.0974841117859,0.116772815585,-0.00403139015437,0.00301999464714,-0.992003557991,-0.126109351199
1596448242716463839,74,1596448242989115715,map,0.0784559249878,-0.095103263855,0.173961728811,-0.013323717401,0.00650585674399,-0.99214821421,-0.12418564097
1596448243213148860,75,1596448243489208457,map,0.0806398391724,-0.103715419769,0.382739901543,0.00326744854044,0.00647384156878,-0.990222755569,-0.139306523572
1596448243713340258,76,1596448243989260153,map,0.0666689872742,-0.0988688468933,0.613120853901,0.0110499281156,0.0317000465962,-0.994043695811,-0.103682867205
1596448244214264937,77,1596448244489295285,map,0.0739970207214,-0.0456604957581,0.758371770382,-0.00415001069425,0.01921457627,-0.995521642211,-0.092467493534
1596448244716102359,78,1596448244989352763,map,0.0331249237061,-0.151368618011,0.760643780231,-0.0336065935229,0.0297615818747,-0.998351903167,0.0357536369998
1596448245220340508,79,1596448245489430451,map,0.104627132416,-0.383034229279,0.718766629696,-0.0741078557349,0.0493389927198,-0.964534578613,0.248488905536
1596448245715203508,80,1596448245989413235,map,0.216427326202,-0.617934703827,0.658429384232,-0.0710699339564,0.021486833915,-0.852838572839,0.516869179903
1596448246213445540,81,1596448246489453576,map,0.131371498108,-0.101196289062,-0.0625419318676,0.0586893987582,-7.38908971307e-06,0.646566913816,-0.760596332082
1596448246713449223,82,1596448246989563090,map,0.351438522339,-0.132011413574,-0.111648976803,0.0443231425756,0.01006058482,0.483804559115,-0.873995075641
1596448247213941862,83,1596448247489527382,map,0.589629173279,-0.165040969849,-0.143370330334,0.034993974334,0.0243876286674,0.351301395044,-0.935290326673
1596448247713062380,84,1596448247989651637,map,0.806066989899,-0.208557128906,-0.21806204319,0.0242155664171,0.0417208785187,0.244398032027,-0.968474355148
1596448248213562854,85,1596448248489728961,map,0.161289691925,-0.0905990600586,-0.0727305710316,0.0193277968053,0.0253529887165,0.181349005347,-0.982901928217
1596448248713767171,86,1596448248989724975,map,0.33864736557,-0.0941843986511,-0.0964299291372,0.0138213424069,0.0303400513985,0.153251000138,-0.987624717558
1596448249219414088,87,1596448249489738543,map,0.501595973969,-0.0821924209595,-0.131169125438,0.00533295116601,0.0349431102787,0.145366423698,-0.988746247294
1596448249713843589,88,1596448249989798729,map,0.645370006561,-0.117562294006,-0.176467880607,0.0227607762639,0.0166620424903,0.156525290429,-0.987271065544
1596448250213767519,89,1596448250489830528,map,0.0361025333405,-0.00540065765381,-0.0381629504263,0.00148128384042,0.0150119572777,0.139414853287,-0.990119157283
1596448250713632233,90,1596448250989947491,map,0.0255045890808,-0.0801920890808,-0.107499971986,0.0155827964188,0.0152687612289,0.167381330482,-0.985650816259
1596448251268251910,91,1596448251489930066,map,0.0340490341187,-0.321681022644,-0.128133401275,0.0084522660975,0.0259607194945,0.241021295905,-0.970135730278
1596448251718606176,92,1596448251989990982,map,0.0465269088745,-0.545637607574,-0.157510772347,0.00404062797632,0.0212215733974,0.298585090511,-0.954138491977
1596448252213090179,93,1596448252490004133,map,-0.0615184307098,-0.120094299316,-0.00690428167582,0.0109721654397,0.0229642051472,0.427322353564,-0.903741037583
1596448252715124965,94,1596448252990081769,map,-0.101015329361,-0.234046936035,0.035528421402,-0.00915294320882,0.0217354416568,0.533120308167,-0.845710666379
1596448253214240830,95,1596448253490104921,map,-0.311564683914,-0.285185337067,0.0849594026804,0.000792266891731,0.00999612989263,0.674489531422,-0.738216310916
1596448253713816655,96,1596448253990217039,map,-0.353758096695,-0.371980667114,0.118520319462,-0.0133064408035,-0.0111002376533,-0.755221502344,0.655240570901
1596448254213912631,97,1596448254490269361,map,0.0523376464844,0.00215864181519,0.0113141424954,-0.0205216822273,0.00210055452689,-0.745827118924,0.66582006346
1596448254713404708,98,1596448254990316161,map,0.165961742401,-0.0540180206299,-0.0231514479965,-0.0398437769947,0.0104684465009,-0.749006103607,0.661281136751
1596448255212844166,99,1596448255490359783,map,0.417552709579,-0.0378422737122,-0.0612287670374,0.043527032545,-0.0100611765872,0.64199364871,-0.765407293655
1596448255713791767,100,1596448255990374705,map,0.769872665405,-0.0106716156006,-0.107913225889,0.0617614475097,-0.0131735972616,0.494935061364,-0.866632139359
1596448256213133766,101,1596448256490450727,map,0.188361644745,0.0760555267334,-0.0261994302273,0.0626214469825,0.00753123695604,0.215032695707,-0.974567993844
1596448256713812737,102,1596448256990618007,map,0.260592699051,0.272007465363,-0.0629970356822,0.0533619163487,0.0131314159677,-0.154346138452,-0.986487375157
1596448257213136045,103,1596448257490557609,map,0.189745664597,0.404651165009,-0.120884545147,0.0617143496551,0.0290110017891,-0.430412363117,-0.900052719844
1596448257719340826,104,1596448257990632276,map,0.159370422363,0.438447475433,-0.133530646563,0.0267979512661,0.0339004884958,-0.621216913163,-0.782446275145
1596448258213539775,105,1596448258490599485,map,0.0743944644928,0.463790416718,-0.183880895376,0.00571502180498,0.0239589244455,-0.746266784298,-0.665191096693
1596448258694645054,106,1596448258971579605,map,0.142442703247,0.65460395813,-0.184193760157,0.00367148995294,0.0201284179637,-0.784746690496,-0.619478812154
1596448259217254716,107,1596448259490751164,map,0.0330362319946,0.139009952545,0.0496617555618,0.00709085893884,0.00458774785286,-0.821226995784,-0.570539125463
1596448259713982891,108,1596448259990758064,map,0.098644733429,0.363555431366,0.0692744255066,0.0137699753053,0.0200850119726,-0.861753876182,-0.50674178529
1596448260214559426,109,1596448260490777049,map,0.102074146271,0.518443107605,0.0754335671663,0.00348414942285,0.0181281705297,-0.916309749068,-0.400044589888
1596448260713594596,110,1596448260990912087,map,0.0793309211731,0.513873577118,0.0746094286442,-0.00189327906196,0.0332434824002,-0.957433074654,-0.286728432373
1596448261213249078,111,1596448261490869138,map,0.231676340103,0.356971740723,0.069547355175,-0.00510782222509,0.0247196675935,-0.974110092328,-0.224660580012
1596448261713964597,112,1596448261990499127,map,0.440363645554,0.262710571289,0.0988288074732,-0.0128205480847,0.0174807539188,-0.989589902993,-0.14227396348
1596448262213017673,113,1596448262491038370,map,0.104513883591,0.0266127586365,0.0693785324693,0.000935230525018,0.0259534622152,-0.990558837657,-0.134605840449
1596448262713170856,114,1596448262991053761,map,0.183968305588,0.0801577568054,0.139970332384,-0.0195867219083,0.0166947225522,-0.991884340571,-0.124511451258
1596448263213410358,115,1596448263491083112,map,0.146249771118,-0.00793790817261,0.18599678576,-0.0162618425431,0.0144158546858,-0.987282694908,-0.157482113097
1596448263713008653,116,1596448263991164915,map,-0.0790979862213,-0.0903325080872,0.231741830707,-0.00946943080506,0.0168543830815,-0.968932918135,-0.246566947917
1596448264212787592,117,1596448264491182962,map,-0.370403766632,-0.17209482193,0.283962666988,-0.00341335386722,0.0102641365924,-0.958204814551,-0.285878522954
1596448264712364977,118,1596448264990282275,map,-0.356985330582,-0.162251472473,0.360475897789,-0.012387000529,0.0121394949895,-0.936966111664,-0.348989542068
1596448265211908205,119,1596448265490331783,map,-0.31426024437,-0.0672054290771,0.408449470997,-0.00995539101982,0.00781518363909,-0.91528650582,-0.402604552083
1596448265712449648,120,1596448265990330766,map,-0.497789621353,-0.114534854889,0.371545404196,-0.00436894539129,0.0143982398191,-0.912851753912,-0.408013821318
1596448266218995745,121,1596448266490432572,map,-0.149908781052,-0.014349937439,-0.045719563961,0.0151077885839,0.0251521015006,-0.919956199732,-0.390921625252
1596448266712461239,122,1596448266990677464,map,-0.233880758286,0.114440917969,-0.142220377922,0.0207086450834,0.0239383400152,-0.944878749506,-0.325886877041
1596448267213414732,123,1596448267491520486,map,-0.325277328491,0.131485462189,-0.376903414726,0.0188809727709,0.0321810672125,-0.975504315917,-0.216793028963
1596448267715467058,124,1596448267990679805,map,-0.389122486115,0.13307094574,-0.631423413754,0.0344048602955,0.0415165305027,-0.983831375689,-0.17078790207
1596448268212909297,125,1596448268490619928,map,-0.490050792694,0.0312175750732,-0.877921402454,0.0211478187564,0.013825164776,-0.995562026658,-0.0906525546125
1596448268711946501,126,1596448268990626672,map,-0.501179695129,-0.0109767913818,-0.95039576292,-0.00171147034684,0.00132589114868,-0.995198722932,-0.0978509824038
1596448269213326872,127,1596448269490660762,map,-0.0593221187592,0.0475707054138,0.0060173869133,0.0110278263917,0.00967327901733,-0.995047580614,-0.0983113779386
1596448269712260734,128,1596448269990689123,map,-0.108957767487,0.10416841507,0.0529284477234,0.00224538898546,0.00440501935701,-0.995716693706,-0.0923245357877
1596448270212707986,129,1596448270490761446,map,-0.167623519897,0.126380443573,0.132619321346,0.00167714403141,0.00380384925539,-0.995315039815,-0.0965954938765
1596448270712676792,130,1596448270990787515,map,-0.244747638702,0.152745246887,0.230020403862,0.00139455508244,0.00364755700788,-0.995338991503,-0.0963589255696
1596448271212124828,131,1596448271490908541,map,-0.355223178864,0.167911529541,0.306276291609,0.00139297582323,0.00369101100408,-0.995363358392,-0.0961052590982
1596448271711975452,132,1596448271990953778,map,-0.480222225189,0.196442604065,0.388790607452,0.00114860743013,0.00353639058208,-0.995376789089,-0.095975113367
1596448272211974878,133,1596448272491005891,map,-0.158376216888,0.0253429412842,0.0598872900009,0.000696378993016,0.00326568335454,-0.995379774887,-0.0959580851962
1596448272712296842,134,1596448272991019667,map,-0.362170219421,0.0815825462341,0.128937035799,0.000166445527293,0.00330893421984,-0.995382402548,-0.0959317254479
1596448273212194409,135,1596448273491083239,map,-0.551209926605,0.138891220093,0.185100987554,-0.00048284933729,0.00335753540297,-0.995386804024,-0.0958832841882
1596448273712308492,136,1596448273991152906,map,-0.715433597565,0.183010101318,0.220800414681,-0.00126372113239,0.00335055764705,-0.995388806978,-0.0958556191101
1596448274212321757,137,1596448274491249815,map,-0.149482250214,0.0265603065491,0.0318543836474,-0.00200266827673,0.00353367085588,-0.995386795624,-0.0958573397658
1596448274718195957,138,1596448274991200304,map,-0.297057151794,0.108775615692,0.0701635628939,-0.00263196993352,0.0036203789731,-0.995364949198,-0.0960655166968
1596448275212364924,139,1596448275491269345,map,-0.413019657135,0.198965549469,0.114703699946,-0.00325961709527,0.00331471567183,-0.995351628865,-0.0961952310266
1596448275712471959,140,1596448275991363546,map,-0.51851606369,0.27983379364,0.147354826331,-0.00387218953123,0.0034211224517,-0.995330982918,-0.0963822416917
1596448276212757756,141,1596448276491344819,map,-0.0948715209961,0.0454516410828,0.0155966319144,-0.00429159839486,0.00357706267815,-0.995306748357,-0.0966088167857
1596448276712011973,142,1596448276991401828,map,-0.185288906097,0.0951900482178,-0.00783730484545,-0.00461179323158,0.00380210122288,-0.995264542384,-0.0970194107484
