%time,field.header.seq,field.header.stamp,field.header.frame_id,field.pose.position.x,field.pose.position.y,field.pose.position.z,field.pose.orientation.x,field.pose.orientation.y,field.pose.orientation.z,field.pose.orientation.w
1596272214125937309,40,1596195560974890568,map,-0.205384492874,-0.077522277832,0.23736731708,-0.00240531570413,0.0109448262153,-0.141966729983,-0.989807997954
1596272214597454238,41,1596195561454357912,map,-0.225008487701,-0.0166778564453,0.254468202591,-0.00228509120622,0.0109562146086,-0.141979276402,-0.989806357219
1596272215119738706,42,1596195561974994110,map,-0.223490715027,0.085033416748,0.257670402527,-0.00206251118589,0.0108603016455,-0.141928714506,-0.989815154407
1596272215618136618,43,1596195562474876662,map,-0.215450286865,0.122963905334,0.257846653461,-0.00189954346989,0.0107346938281,-0.141930576615,-0.989816583769
1596272216118298023,44,1596195562974904422,map,-0.201045036316,0.152400016785,0.261553525925,-0.0021232617247,0.0106549198347,-0.141895834752,-0.989821972136
1596272216617307608,45,1596195563474625620,map,-0.191970586777,0.220135688782,0.253946006298,-0.00213556342778,0.0105837356345,-0.141930645671,-0.989817718435
1596272217121013725,46,1596195563974890932,map,-0.19425702095,0.292776107788,0.256728261709,-0.00195903260653,0.0105690164943,-0.141920777642,-0.989819655773
1596272217597477481,47,1596195564454133015,map,-0.177380084991,0.350395202637,0.264952450991,-0.00199606598501,0.010511618311,-0.141887797716,-0.989824921115
1596272218116832496,48,1596195564973998015,map,-0.177531003952,0.393311977386,0.260957598686,-0.00215846781669,0.0104673273357,-0.141843615326,-0.989831382038
1596272218617413244,49,1596195565474840983,map,-0.18501496315,0.385607242584,0.258075296879,-0.00238148781843,0.0105990040511,-0.141843376165,-0.989829503635
1596272219097154051,50,1596195565953752546,map,-0.189135313034,0.372035980225,0.262617439032,-0.00277918813064,0.0107826270814,-0.141788426158,-0.989834356483
1596272219598066555,51,1596195566454591712,map,-0.189999580383,0.390274047852,0.244403272867,-0.00299411609153,0.0108756946308,-0.141817867325,-0.989828493752
1596272220116962412,52,1596195566973860827,map,-0.204547643661,0.441133975983,0.232431307435,-0.00285719525863,0.0109049326086,-0.141819647158,-0.989828321761
1596272220617922642,53,1596195567474919576,map,-0.263049125671,0.48633146286,0.219469204545,-0.00275895130452,0.0111024973871,-0.141834537458,-0.989824270628
1596272221116362826,54,1596195567973838691,map,-0.040812253952,0.0183744430542,0.0145027991384,-0.00268021479243,0.0114289198195,-0.141843406419,-0.989819500867
1596272221617639455,55,1596195568474957545,map,-0.0510549545288,0.0221934318542,0.0294561684132,-0.0027180808765,0.0114898935435,-0.14189896876,-0.989810727891
1596272222097559184,56,1596195568953839940,map,-0.0756614208221,0.0306344032288,0.0424947589636,-0.00272455248376,0.0114775645114,-0.141881785484,-0.989813316376
1596272222617158372,57,1596195569474217909,map,-0.046648979187,0.0177226066589,0.0382952988148,-0.00287675753262,0.0114822507219,-0.141943131479,-0.989804035964
1596272223117570038,58,1596195569973896971,map,0.00268745422363,0.011794090271,0.0404845029116,-0.00298382462344,0.0110764957438,-0.141931075121,-0.989810071654
1596272223597657978,59,1596195570454754211,map,0.0154387950897,0.0106706619263,0.0447898805141,-0.00300821136564,0.0109393719234,-0.141932468729,-0.989811322994
1596272224116674547,60,1596195570973818013,map,0.0240218639374,-0.0137038230896,0.0434770956635,-0.00298438607615,0.010967314182,-0.141848100856,-0.989823180039
1596272224616617477,61,1596195571473847492,map,0.0257444381714,-0.0118985176086,0.0692432522774,-0.00304333297467,0.0110486883374,-0.141863818043,-0.989819843073
1596272225097198664,62,1596195571953809523,map,0.0828149318695,-0.0272026062012,0.0728617608547,-0.0029347322034,0.0114191259857,-0.141836140897,-0.989819933141
1596272225620387152,63,1596195572474891293,map,0.155480146408,-0.0258526802063,0.0182009786367,-0.00298357959938,0.0115136074532,-0.141836326625,-0.989818665992
1596272226117476963,64,1596195572973811553,map,0.256446123123,0.0188894271851,-0.0586563758552,-0.00287150185426,0.0118371113877,-0.141769346712,-0.989824777223
1596272226597817741,65,1596195573454739314,map,0.284633874893,-0.0166020393372,-0.0989665091038,-0.00266680071119,0.0117790493852,-0.141791883435,-0.989822814428
1596272227116731888,66,1596195573973688324,map,0.287050008774,-0.103663444519,-0.0626728236675,-0.00394661019412,0.0235073241128,-0.145316094768,-0.989098105641
1596272227616732255,67,1596195574473906032,map,0.262034893036,-0.256773948669,0.131668284535,-0.0426528007934,0.060243630259,-0.110172719579,-0.991167702994
1596272228116486767,68,1596195574973607438,map,0.286346435547,-0.252396583557,0.455037683249,-0.029810310009,0.0105059799712,0.0312481417205,-0.999011773425
1596272228617599901,69,1596195575473898167,map,0.454556465149,-0.26974105835,0.604695260525,0.00230690923879,0.0327603514134,0.209492201498,-0.977258642866
1596272229117398101,70,1596195575973890042,map,0.321935892105,-0.00727367401123,-0.0546179413795,0.0153375434206,0.0197769035697,0.36466047895,-0.930804151763
1596272229617342307,71,1596195576473849625,map,0.696089744568,-0.157787322998,-0.255015462637,0.00189537571947,0.0236180876333,0.385987740859,-0.922199575685
1596272230117324775,72,1596195576973889208,map,0.38924241066,-0.126606941223,-0.184014081955,0.0110422450231,0.0211581811714,0.309627285153,-0.950558438226
1596272230616717874,73,1596195577473535458,map,0.66290307045,-0.236965179443,-0.318251252174,0.0136332465314,0.03390622068,0.31714496619,-0.947672714184
1596272231118183888,74,1596195577973905510,map,0.00507259368896,0.00948810577393,-0.0446893386543,0.00656898003933,0.0250308365823,0.305037067508,-0.951988809371
1596272231617242855,75,1596195578473904520,map,-0.299457073212,-0.0122146606445,-0.0527070090175,0.00600444520275,0.0322473324587,0.430322739232,-0.902078930187
1596272232120574526,76,1596195578975006499,map,-0.610524892807,-0.0356349945068,-0.112971797585,-0.00893095564521,0.0373486566976,0.534066086179,-0.844570145972
1596272232617994399,77,1596195579473927541,map,-0.732103824615,-0.0275001525879,-0.212918758392,0.00919391036881,0.0335891532924,0.670058972899,-0.741490535092
1596272233117465855,78,1596195579973888009,map,-0.00987863540649,0.0100259780884,-0.0748814940453,-0.0112248413964,-0.0303834489892,-0.730959402302,0.681651818123
1596272233616950345,79,1596195580473906915,map,-0.0411281585693,-0.191961288452,-0.116995573044,-0.00169814905151,-0.0141133242022,-0.743080273688,0.669051296408
1596272234117183658,80,1596195580973850457,map,-0.033332824707,-0.437326431274,-0.130980312824,-0.00304493018251,-0.00896222213726,-0.754400616484,0.656346034362
1596272234617580865,81,1596195581473842436,map,-0.0122990608215,-0.430466651917,-0.137213915586,0.0144237026854,0.00279565212712,0.659307758908,-0.751729619061
1596272235117283090,82,1596195581973906446,map,0.202994346619,-0.0925016403198,-0.176896452904,0.0547147100089,0.0110461292947,0.509055957875,-0.858921600199
1596272235616866908,83,1596195582473900716,map,0.292241334915,0.300874710083,-0.229974418879,0.0389539316869,0.0168545605931,0.193110773556,-0.980258508828
1596272236116878613,84,1596195582973512227,map,0.147792100906,0.524625778198,-0.266159415245,0.0464677888469,0.0291181129189,-0.194337356072,-0.97940077197
1596272236616784498,85,1596195583473202591,map,-0.0476930141449,0.60682964325,-0.23053881526,0.0385446853564,0.0218346755326,-0.477357523694,-0.877591789358
1596272237097525025,86,1596195583953724101,map,-0.0812883377075,0.0004563331604,0.0741430222988,0.00565908641053,0.000653302909483,-0.669627311136,-0.742675441978
1596272237617924857,87,1596195584473890924,map,-0.12349653244,0.0972747802734,0.155616283417,0.0111315401803,0.0039490940181,-0.734226763831,-0.678801556232
1596272238116729360,88,1596195584973382903,map,-0.29172706604,0.110035896301,0.18435138464,-0.000518638169274,0.00685125049966,-0.727950158468,-0.685595622921
1596272238617959395,89,1596195585473851705,map,-0.404368162155,0.225826740265,0.23010481894,-0.00463359046015,-0.00518434337464,-0.767188668825,-0.64138381555
1596272239097485705,90,1596195585953739049,map,-0.58206987381,0.246252536774,0.289578139782,-0.0066121678779,0.0119037216133,-0.786082306305,-0.617971834602
1596272239618076568,91,1596195586473915090,map,-0.718810081482,0.190614700317,0.326234430075,-0.0102802449433,0.0109098604488,-0.851335982115,-0.524406652385
1596272240097120153,92,1596195586953773684,map,-0.293560266495,-0.0138993263245,0.0876989811659,-0.0091597019405,0.00903790189686,-0.917553694176,-0.397403616609
1596272240619188518,93,1596195587473915715,map,-0.390135526657,-0.333320140839,0.19089025259,-0.0160607555978,0.00585705734603,-0.948808027797,-0.315390350831
1596272241097849905,94,1596195587953690662,map,-0.091997385025,-0.192510128021,0.0910260826349,-0.0124996632907,0.00809873376919,-0.974010212129,-0.226013883637
1596272241616446564,95,1596195588473108110,map,-0.233553171158,-0.143459796906,0.279752492905,-0.00129345453658,-0.0021745239535,-0.969524532275,-0.244981182416
1596272242097042755,96,1596195588953743943,map,-0.328972578049,-0.0440802574158,0.465777695179,-0.00415486744571,-0.00464361077706,-0.967590923695,-0.252445990933
1596272242617104675,97,1596195589473208058,map,-0.454762339592,0.0635409355164,0.683938801289,-0.00821792282207,-0.0104983913672,-0.949276008142,-0.314161280061
1596272243117162931,98,1596195589973872693,map,-0.583274364471,0.140671253204,0.834109067917,-0.0173029836823,-0.01475386854,-0.907147497828,-0.420197985839
1596272243617781897,99,1596195590473903370,map,-0.726142168045,0.129316329956,0.894526302814,-0.0132551540838,0.00599091007349,-0.865069797125,-0.501440580715
1596272244100480311,100,1596195590952861026,map,-0.151189446449,-0.0812902450562,-0.212592661381,0.00397887451449,0.00565918577912,-0.825473747059,-0.564398117547
1596272244616125941,101,1596195591472902067,map,-0.156680345535,-0.372604370117,-0.569761395454,-0.000108059362335,0.0147423485609,-0.845879597143,-0.533170102894
1596272245117237686,102,1596195591973611598,map,-0.0943093299866,-0.556198120117,-0.747351586819,0.00628437064422,-0.00968985914154,-0.85212899712,-0.523204344002
1596272245616204506,103,1596195592472840452,map,-0.0262928009033,-0.729855537415,-0.802647233009,0.000405914822636,0.00220233715651,-0.84939650528,-0.52775047301
1596272246096704989,104,1596195592952619619,map,0.06980073452,-0.133412361145,-0.00463579595089,0.00116181643227,0.00760086614307,-0.854840606715,-0.518833705659
1596272246616613283,105,1596195593472845244,map,0.0865304470062,-0.222974777222,0.0145216733217,-0.0119041360021,9.75169728219e-05,-0.855888811485,-0.517022847089
1596272247117801273,106,1596195593973846181,map,0.125595211983,-0.338391304016,0.0682508647442,-0.0117381675387,0.00128565506376,-0.857513063272,-0.514326655767
1596272247621088774,107,1596195594472841806,map,0.196554660797,-0.441944122314,0.164871543646,-0.0116603493999,0.00120510640988,-0.85929956286,-0.511338288454
1596272248096972726,108,1596195594952767743,map,0.193148612976,-0.532547950745,0.236128687859,-0.0112620293652,0.00145477431306,-0.861162565498,-0.50820280018
1596272248616818797,109,1596195595473103889,map,0.151693224907,-0.618483543396,0.307826578617,-0.0105975491138,0.00174884592036,-0.862939846095,-0.505192493524
1596272249096871478,110,1596195595952973107,map,-0.0430306196213,-0.108465194702,0.0884058773518,-0.0101520883484,0.00204799917236,-0.864757807814,-0.502082338492
1596272249617563253,111,1596195596472917951,map,-0.102067112923,-0.149508476257,0.163697332144,-0.00964432286418,0.00240131811948,-0.866499770869,-0.499078518664
1596272250096974096,112,1596195596952781232,map,-0.134695649147,-0.166766166687,0.207456976175,-0.0093105050743,0.00244245261627,-0.868269399296,-0.495999595934
1596272250616851762,113,1596195597473027534,map,-0.170369982719,-0.269520759583,0.233763664961,-0.00909300064764,0.00270890812782,-0.87002728018,-0.492912275054
1596272251097193570,114,1596195597952757013,map,-0.15328836441,-0.385570526123,0.267227202654,-0.0093086389521,0.00323139660734,-0.87185143651,-0.489671297884
1596272251616747655,115,1596195598472900294,map,-0.155510663986,-0.418037414551,0.290357083082,-0.00961087410824,0.00342834555377,-0.873523415791,-0.486675168476
1596272252097040459,116,1596195598952764616,map,-0.169360876083,-0.423183441162,0.287527292967,-0.00944678932795,0.00333527527214,-0.875190787927,-0.483674186657
1596272252616839783,117,1596195599472719825,map,-0.140271067619,-0.394047737122,0.278089553118,-0.00937089378273,0.00341905709704,-0.876802150431,-0.480747839722
1596272253097027149,118,1596195599952760241,map,-0.0716376304626,-0.361759185791,0.272068530321,-0.00954483784525,0.00314064674555,-0.878435916026,-0.477754512113
1596272253617060046,119,1596195600472931699,map,-0.00878751277924,-0.349067687988,0.267099589109,-0.00983444597535,0.00303917674131,-0.879953306875,-0.474948654907
1596272254117481924,120,1596195600972948418,map,0.0896413326263,-0.278502464294,0.252574414015,-0.00994758972794,0.00285254445367,-0.881478839707,-0.472110118084
1596272254617680329,121,1596195601472920293,map,0.17942917347,-0.253205299377,0.183330029249,-0.0101981215584,0.00259076072416,-0.882911153736,-0.469422177665
1596272255097180041,122,1596195601952852272,map,0.259445786476,-0.197597503662,0.0869080126286,-0.0103809302777,0.00259976460598,-0.884329847127,-0.466739969353
1596272255616639722,123,1596195602472921021,map,0.360325932503,-0.154126167297,0.0221026539803,-0.0105097092859,0.00252043232389,-0.885694076348,-0.464143508576
1596272256097137844,124,1596195602952736230,map,0.475061774254,-0.03515625,-0.033391058445,-0.0107536330496,0.00235394840708,-0.887067945743,-0.461507614172
1596272256616875371,125,1596195603472892636,map,0.567573189735,0.0878248214722,-0.115018993616,-0.0106729074926,0.00183978731545,-0.888308985633,-0.459118557969
1596272257097450591,126,1596195603952756958,map,0.0714530944824,0.056960105896,-0.0722000151873,-0.0106634586794,0.00185310000503,-0.889587750041,-0.456636060388
1596272257617575507,127,1596195604472859354,map,0.11274600029,0.0337438583374,-0.129119977355,-0.010759770733,0.0021819631512,-0.890842753386,-0.454179100257
1596272258117355392,128,1596195604972889614,map,0.155603170395,-0.0361938476562,-0.153583273292,-0.0109868176939,0.00280168941133,-0.892095654319,-0.451704310272
1596272258617488012,129,1596195605472886176,map,0.193174123764,-0.0504379272461,-0.159078538418,-0.011160630772,0.00322109342684,-0.893308202906,-0.449294468583
1596272259096609212,130,1596195605952371280,map,0.226726293564,-0.00183773040771,-0.152410924435,-0.0110913388191,0.00308982639681,-0.89449669976,-0.446926268298
1596272259617854719,131,1596195606472881541,map,0.236525774002,0.0377569198608,-0.182117059827,-0.0109724069954,0.00309777260817,-0.895661747633,-0.444589747877
1596272260117789457,132,1596195606973836905,map,0.220631599426,0.107580184937,-0.21681112051,-0.0108158868457,0.00325689211014,-0.896852425091,-0.442185636192
1596272260617772355,133,1596195607472942530,map,0.266016483307,0.258040428162,-0.269580960274,-0.0105324010767,0.00295894128922,-0.898001075162,-0.439857229339
1596272261116800960,134,1596195607972838467,map,0.33100938797,0.268857955933,-0.333950340748,-0.0107156453365,0.00259712214633,-0.899138444321,-0.437525413943
1596272261617780156,135,1596195608472783311,map,0.377655982971,0.319169998169,-0.37275737524,-0.0110540698933,0.00293357463817,-0.900189831182,-0.435347527286
1596272262116535043,136,1596195608972762581,map,0.399020671844,0.383880615234,-0.415065050125,-0.0110683141157,0.00273453657753,-0.901258160404,-0.433132477467
1596272262617499449,137,1596195609472870706,map,0.450062990189,0.427306175232,-0.472987294197,-0.0110938789257,0.00273576227347,-0.902300169309,-0.430956895664
1596272263117136567,138,1596195609972629560,map,0.0166671276093,0.078254699707,-0.0400559306145,-0.0112969887501,0.00267705509831,-0.903343348827,-0.428761012164
1596272263616598028,139,1596195610472331852,map,0.0198125839233,0.140313148499,-0.0548955798149,-0.0111637527679,0.00257407163917,-0.904312897888,-0.426716448584
1596272264096822935,140,1596195610952748935,map,-0.00319170951843,0.191436767578,-0.0599679797888,-0.01107090919,0.0026891769992,-0.905301595934,-0.424616560789
1596272264617997297,141,1596195611472928935,map,-0.0437188148499,0.20482635498,-0.0770358145237,-0.0110173850143,0.00284941008554,-0.90624457287,-0.422600606048
1596272265116838516,142,1596195611972523570,map,-0.091561794281,0.233165740967,-0.0922891944647,-0.0109569985301,0.00299399522082,-0.907219412695,-0.420504360744
1596272265617734008,143,1596195612472915080,map,-0.133404254913,0.263246536255,-0.117818042636,-0.0108660832271,0.00314988309274,-0.90814468416,-0.418503571195
1596272266097586601,144,1596195612952717267,map,-0.113201618195,0.355937004089,-0.133854582906,-0.010887082627,0.00304697718371,-0.909117868104,-0.416385505579
1596272266617490826,145,1596195613473077111,map,-0.0921323299408,0.455874443054,-0.155203416944,-0.0110981529993,0.00256502750991,-0.910009050279,-0.41443187624
1596272267097421813,146,1596195613952834767,map,-0.0749449729919,0.539191246033,-0.159313485026,-0.0111526076706,0.0024685793818,-0.91089100019,-0.412488922556
1596272267619207680,147,1596195614472834194,map,-0.0988485813141,0.669296264648,-0.122958496213,-0.0111595968406,0.0023645129192,-0.911679370967,-0.410743955562
1596272268117098212,148,1596195614972828621,map,-0.00217366218567,0.0733847618103,0.0225345492363,-0.0110451879164,0.00220054532043,-0.912548140676,-0.408814202754
1596272268617660613,149,1596195615472805443,map,0.0159060955048,0.0448570251465,0.0372324883938,-0.0111607474352,0.00241417125661,-0.913365498198,-0.406980437115
1596272269116542492,150,1596195615972387266,map,0.0182678699493,0.0534515380859,0.070039242506,-0.0115784032709,0.00289018012786,-0.914189650801,-0.405110935183
1596272269617064176,151,1596195616472849506,map,0.0120623111725,0.137979507446,0.0763823837042,-0.0115456654645,0.0027945629951,-0.914960620075,-0.403368258219
1596272270117598505,152,1596195616972885912,map,0.00127625465393,0.229557037354,0.0636458694935,-0.0114966497656,0.00246292507456,-0.915750887057,-0.401574493585
1596272270616662020,153,1596195617472102943,map,-0.0448341369629,0.278704166412,0.0408307611942,-0.0113536267721,0.00243606720178,-0.916466343824,-0.39994324769
1596272271097514624,154,1596195617952920286,map,-0.0879609584808,0.220158576965,0.0300377309322,-0.0113358864047,0.00264183872136,-0.917229856911,-0.398188282045
1596272271617800445,155,1596195618472900390,map,-0.130162000656,0.137713909149,0.0338188707829,-0.011614507164,0.00333878404694,-0.9179365555,-0.396543107142
1596272272097063320,156,1596195618952788307,map,-0.190892219543,0.174477577209,0.0481523573399,-0.0115864718572,0.00339853144278,-0.918638661157,-0.394914185465
1596272272618316096,157,1596195619472904244,map,-0.255320549011,0.18856048584,0.0737230926752,-0.0113325216017,0.00313391338228,-0.919330397667,-0.393310783562
1596272273097164121,158,1596195619952792733,map,-0.284353256226,0.12144613266,0.0854861438274,-0.0113991894281,0.00322503636839,-0.920042582101,-0.391639253321
1596272273617072405,159,1596195620472067525,map,-0.321907520294,-0.0685477256775,0.0854408442974,-0.0117775081053,0.00373701813361,-0.920691622391,-0.390095195379
1596272274097213153,160,1596195620951957837,map,-0.387074947357,-0.132494449615,0.111598208547,-0.0120738063952,0.00426578171387,-0.921363453087,-0.388491201472
1596272274617208017,161,1596195621471911587,map,-0.465508460999,-0.0673518180847,0.167139753699,-0.0117062240046,0.00382363787463,-0.921950783473,-0.38711122041
1596272275117875063,162,1596195621972881899,map,-0.520691156387,-0.0624060630798,0.203848838806,-0.0114558033117,0.00331982419289,-0.922593761927,-0.385588503189
1596272275617413364,163,1596195622472841066,map,-0.604494333267,-0.110297679901,0.254145264626,-0.0115149306444,0.00331104869268,-0.923205443435,-0.384119971548
1596272276119866773,164,1596195622972903149,map,-0.0635008811951,-0.129740715027,0.0375203564763,-0.0115271039781,0.00349161997402,-0.923848776821,-0.382568127306
1596272276618117124,165,1596195623472885180,map,-0.11721777916,-0.179487228394,0.0629904866219,-0.0117233408471,0.00356303228771,-0.92444436968,-0.381120027613
1596272277117718083,166,1596195623972482419,map,-0.186989784241,-0.173982620239,0.0903471112251,-0.0116850179337,0.00333316495854,-0.925061903949,-0.379621949088
1596272277598382663,167,1596195624453238096,map,-0.261482357979,-0.16530418396,0.098827123642,-0.0114983258092,0.00291202347446,-0.925613567001,-0.378284064173
1596272278117873231,168,1596195624972877419,map,-0.36045050621,-0.133892059326,0.0983262807131,-0.0113650084789,0.00270018390337,-0.926182553239,-0.376894446317
1596272278618263829,169,1596195625472822263,map,-0.440981507301,-0.128141403198,0.099959269166,-0.0112232527345,0.00256598915098,-0.926713168648,-0.375593074153
1596272279118938689,170,1596195625972849554,map,-0.516842126846,-0.104332923889,0.0892691388726,-0.0112866676455,0.00238651397345,-0.92730705316,-0.374123702595
1596272279616822722,171,1596195626471960127,map,-0.56874191761,-0.114782333374,0.0859911292791,-0.0113687186241,0.00219574706026,-0.927851550023,-0.372769945211
1596272280117075031,172,1596195626972066741,map,-0.0362783670425,0.0297994613647,-0.000902246683836,-0.0115440743403,0.00205250424603,-0.92843386593,-0.371312642079
1596272280620618758,173,1596195627471998303,map,-0.123456716537,0.0866136550903,0.0103226322681,-0.0115734236548,0.00181848877133,-0.928931735559,-0.370065642332
1596272281117540166,174,1596195627971839814,map,-0.176852822304,0.0980110168457,0.0155122261494,-0.0114457383547,0.00166477053166,-0.929470947289,-0.368713956556
1596272281617292531,175,1596195628472817782,map,-0.189606428146,0.0918998718262,-0.0145901273936,-0.0117934414662,0.00171237245941,-0.929955589336,-0.367478685616
1596272282116482826,176,1596195628971839970,map,-0.222793340683,0.0714960098267,-0.038979627192,-0.0121042175897,0.00170597934803,-0.930463867791,-0.366179693983
1596272282618611771,177,1596195629472964084,map,-0.269486069679,0.0130949020386,-0.0614272877574,-0.0122136755649,0.00191436305852,-0.930910060738,-0.365039203594
1596272283117518422,178,1596195629971889188,map,-0.323005914688,0.00351715087891,-0.0683202818036,-0.0124220608063,0.00207813939957,-0.931365886827,-0.363866676954
1596272283618466433,179,1596195630472867625,map,-0.386097550392,0.0313653945923,-0.0391389355063,-0.0125427348855,0.00217065786002,-0.931786645351,-0.362783152299
1596272284118169693,180,1596195630971811792,map,-0.465250492096,0.0318584442139,-0.0156092550606,-0.0125351247244,0.00219834476599,-0.932251033188,-0.361588231345
1596272284617585134,181,1596195631471839864,map,-0.59279280901,-0.0495986938477,-0.0282736439258,-0.0125640459442,0.00241081030059,-0.932687037438,-0.360459738305
1596272285098710088,182,1596195631951829343,map,-0.142726838589,-0.137598991394,0.169891178608,-0.0631326342677,0.0283536179238,-0.93763185492,-0.34067117207
1596272285617431169,183,1596195632472101270,map,-0.275375068188,-0.308531761169,0.607036292553,-0.0394208944249,0.0274932678963,-0.933979515863,-0.354079619932
1596272286117422533,184,1596195632971664603,map,-0.602314949036,-0.558585166931,0.785703539848,-0.0712259505914,0.0690545788724,-0.980017702914,-0.172405426462
1596272286617588062,185,1596195633471832260,map,-0.519918084145,-0.944748878479,0.710877180099,-0.141196147927,0.0384265146715,-0.960145419766,0.23813404562
1596272287116588253,186,1596195633971248770,map,0.407983362675,-0.048713684082,-0.122340679169,-0.129687030963,-0.0199378539844,-0.720016467698,0.681439683481
1596272287616980071,187,1596195634471895905,map,0.732906758785,-0.0785713195801,-0.306449472904,0.085520559062,0.0574866837997,0.481512353823,-0.8703604818
1596272288117618963,188,1596195634971691842,map,0.290987730026,-0.0510082244873,-0.193362593651,0.0427351786965,0.110071379669,0.294362788562,-0.948371522447
1596272288616587791,189,1596195635471256530,map,0.478639006615,-0.140530586243,-0.430328518152,0.0576281656223,0.129889854189,0.0679301410783,-0.987518666274
1596272289116907396,190,1596195635971653925,map,0.669991374016,-0.201515197754,-0.614227056503,0.0578454164962,0.0963141242607,0.0399122521427,-0.992866813519
1596272289617512752,191,1596195636471386581,map,0.995004057884,-0.379640579224,-0.694467186928,-0.0374810190619,0.0962462769431,-0.0345848004311,-0.994050159179
1596272290117207666,192,1596195636971896581,map,0.2969622612,-0.196046829224,-0.0513437688351,-0.0517164244407,0.104420441767,0.0335070239382,-0.992622315955
1596272290617009044,193,1596195637471465852,map,0.39569568634,-0.490483283997,-0.0356796085835,-0.0778903275993,0.122108444328,0.161960576501,-0.976110340254
1596272291117364013,194,1596195637972122831,map,-0.141334295273,-0.294569969177,0.0473824441433,-0.0265436454253,0.127911060238,0.329807624733,-0.934965842277
1596272291616140537,195,1596195638471373508,map,-0.292147397995,-0.594981193542,0.0474747717381,0.00076584593021,0.100800195671,0.528132891038,-0.843157389481
1596272292117464810,196,1596195638971906060,map,-0.104301929474,-0.136565208435,0.0124872028828,0.0231161204257,0.102235108571,0.570165859815,-0.814815635499
1596272292599395694,197,1596195639452958507,map,-0.139307260513,-0.0300846099854,0.0431739389896,0.0456255252447,0.0903017209695,0.617480164606,-0.780052662936
1596272293117324423,198,1596195639972067361,map,-0.065865278244,0.13579082489,0.0353137850761,0.0463805331655,0.0885852343712,0.512683221375,-0.852735256053
1596272293619262759,199,1596195640471515434,map,0.0204699039459,0.326442718506,0.0220557451248,0.0702291160553,0.0899527316842,0.304743923881,-0.945572587472
1596272294116895203,200,1596195640971494496,map,-0.103212356567,0.685919761658,0.112493157387,-0.0498300425476,0.0427723941761,-0.00748335615895,-0.997813353557
1596272294617594279,201,1596195641471798038,map,-0.303967952728,0.964520454407,0.200560793281,-0.0658126008625,-0.0154483222919,-0.418988086138,-0.905471719371
1596272295116501422,202,1596195641971426215,map,-0.0918601751328,0.263648986816,0.135884612799,-0.0452596587762,-0.0438041237202,-0.662819460801,-0.746125407969
1596272295617523161,203,1596195642471884496,map,-0.0938942432404,0.527462005615,0.262363731861,-0.0484468748088,-0.0847818229841,-0.753986657505,-0.649591458623
1596272296117800243,204,1596195642971409808,map,-0.0254720449448,0.20486831665,0.199589580297,-0.090680415985,-0.0937101559994,-0.809031202893,-0.573117772858
1596272296617705261,205,1596195643471826058,map,-0.148183345795,0.366419792175,0.241332262754,-0.0453410982505,-0.0992465781638,-0.838023150834,-0.534613411914
1596272297117263671,206,1596195643971347151,map,-0.354390144348,0.368420600891,0.295980811119,-0.0240471966494,-0.0954479648091,-0.856563051188,-0.506568018815
1596272297617061834,207,1596195644471113505,map,-0.361909985542,0.245636940002,0.380137652159,-0.0284620152978,-0.0884144028873,-0.871304306363,-0.481873025558
1596272298117348546,208,1596195644971862984,map,-0.311119675636,0.285317420959,0.468051046133,-0.0164732515092,-0.0285913905594,-0.865798869383,-0.499302996331
1596272298617625064,209,1596195645471800588,map,-0.436540722847,0.486939430237,0.583657503128,-0.0155866405565,0.026583904868,-0.880607472857,-0.472843347619
1596272299117726375,210,1596195645971836942,map,-0.141669392586,0.22034740448,0.109156668186,-0.00457654603003,0.0415481046481,-0.909384357277,-0.413851302966
1596272299616588374,211,1596195646471085640,map,-0.321692109108,0.291620254517,0.0840883851051,-0.0325753376664,0.00780874296682,-0.96451027797,-0.261911806912
1596272300116871808,212,1596195646971352359,map,-0.428322374821,0.356792449951,-0.0106285214424,-0.0191283245589,0.00754453133013,-0.990985017877,-0.132385352623
1596272300617046140,213,1596195647471088713,map,-0.552143573761,0.420910835266,-0.0306651592255,-0.00909198715676,-0.0108121733248,-0.993569843083,-0.112336101027
1596272301117532946,214,1596195647971799754,map,-0.15392023325,0.101258277893,-0.0477851629257,-0.0299336488371,-0.00492094090338,-0.997689415204,-0.0607913793127
1596272301616847640,215,1596195648470870639,map,-0.370175182819,0.0889797210693,-0.0746268033981,-0.00772043699513,-0.00546635215257,-0.99234210462,-0.123157059257
1596272302117515143,216,1596195648971888816,map,-0.468135803938,-0.15874671936,-0.0732630491257,-0.00741245858696,-0.0142440575475,-0.987632991995,-0.155959082474
1596272302616454581,217,1596195649470974858,map,-0.651689529419,-0.254663467407,-0.061254799366,0.00247990570643,-0.00721580479961,-0.989737771243,-0.142691718063
1596272303116721183,218,1596195649971093764,map,-0.118291549385,-0.0791702270508,-0.000725209712982,0.00290806688019,-0.0110649144518,-0.989642034276,-0.143100505973
1596272303616153140,219,1596195650470751993,map,-0.267217606306,-0.0378427505493,-0.0489667654037,0.00162845085018,-0.0248840638376,-0.993987997496,-0.10661140815
1596272304116930867,220,1596195650971088711,map,-0.271413356066,-0.100548744202,-0.0960097312927,-0.0245057683273,-0.00817065039826,-0.995620290998,-0.0898495628498
1596272304620051121,221,1596195651470845690,map,-0.169210970402,-0.251302719116,-0.190868318081,-0.0108499402967,-0.0133927426766,-0.998270306591,-0.0562077238345
1596272305116788149,222,1596195651971031211,map,0.0299928188324,-0.345714569092,-0.282780051231,0.0017198094107,-0.0217462252881,-0.99213385783,-0.123266183884
1596272305616581448,223,1596195652470876315,map,0.164998471737,-0.451654434204,-0.311243057251,0.00394140612331,-0.00536202613734,-0.99006854019,-0.140427916453
1596272306117624735,224,1596195652971835638,map,0.269646763802,-0.587964057922,-0.349221885204,-0.000769858371932,-0.00535327353747,-0.996212284118,-0.0867861437805
1596272306616476136,225,1596195653470968971,map,0.277338892221,-0.505105018616,-0.398080170155,0.012362422371,-0.0110387597225,-0.998398437944,-0.0540913616796
1596272307118037413,226,1596195653971873033,map,-0.0948601663113,0.0874862670898,0.000478327274323,0.00897541907673,-0.0119233360288,-0.997386825995,-0.0706880134199
1596272307597455119,227,1596195654451878189,map,-0.152020275593,0.155786514282,-0.0231957286596,0.00269243669236,-0.00984803724218,-0.997314662041,-0.0725205613914
1596272308117838402,228,1596195654971847772,map,-0.125287115574,0.118011474609,-0.0112773180008,-0.00625115641203,-0.0118747978934,-0.997532148457,-0.0689167977526
1596272308616858180,229,1596195655470889282,map,-0.0384335815907,0.0233535766602,0.0171060264111,-0.014487578945,-0.0124503562182,-0.997001657878,-0.0749852843941
1596272309118834824,230,1596195655972182616,map,-0.0787180364132,0.00418090820312,0.0720470845699,-0.0115361851528,-0.0162078307239,-0.99553401999,-0.092283463838
1596272309617024281,231,1596195656470886105,map,-0.120969086885,-0.0796680450439,0.164308220148,-0.0301411016551,-0.0201040434336,-0.994732746635,-0.0958858915617
1596272310118647245,232,1596195656971878657,map,-0.146989703178,-0.107640266418,0.230568796396,-0.0268726967169,-0.0161417913242,-0.992623217854,-0.117117240922
1596272310616852583,233,1596195657470886521,map,-0.187571763992,-0.132147789001,0.307088464499,-0.0141258128316,-0.007068228672,-0.992437789413,-0.121728122063
1596272311117081557,234,1596195657971016781,map,-0.188418060541,-0.164012908936,0.34783962369,-0.0194117858408,-0.00939393403529,-0.994513185349,-0.102364352886
1596272311616669962,235,1596195658470881573,map,-0.0563450753689,-0.25402545929,0.338905662298,-0.0257026049443,-0.00291426410425,-0.995788655336,-0.0879536074771
1596272312118657454,236,1596195658971831104,map,0.0669639706612,-0.384460449219,0.311154335737,-0.0355657068803,0.00199094534691,-0.995627933372,-0.0863489138291
1596272312616422785,237,1596195659470633604,map,0.384709119797,-0.593274116516,0.311519593,-0.0415902257486,-0.00227557052487,-0.99632800171,-0.074803662412
1596272313122081990,238,1596195659970839385,map,0.180538058281,-0.108734130859,-0.0257366299629,-0.0427685408435,-0.00329120863148,-0.996880817781,-0.0662469244633
1596272313617700273,239,1596195660470433708,map,0.279374599457,-0.13586807251,-0.052304148674,-0.0439914513984,-0.00363694772056,-0.997098312702,-0.0620199937327
1596272314117931428,240,1596195660970888707,map,0.41854095459,-0.193899154663,-0.0799211859703,-0.0438026433597,-0.0035314976593,-0.997285914611,-0.0590733567435
1596272314616459930,241,1596195661470606103,map,0.548421859741,-0.298501014709,-0.0694707036018,-0.0441421295367,-0.0055744799949,-0.997345790204,-0.0576348187752
1596272315117979598,242,1596195661970871363,map,0.0818535089493,-0.0592699050903,-0.0215659439564,-0.0436189137782,-0.00534202012572,-0.99756460084,-0.0541638286333
1596272315616863118,243,1596195662470336780,map,0.140628457069,-0.0853452682495,-0.109954595566,-0.0425038143021,-0.00544200317235,-0.997893198374,-0.048713191343
1596272316116558572,244,1596195662970769280,map,0.169365286827,-0.103710174561,-0.189163863659,-0.0413982487757,-0.00749150739914,-0.997981969249,-0.0475610278313
1596272316617580634,245,1596195663471910998,map,0.233682990074,-0.0881996154785,-0.27108463645,-0.0446124949905,-0.00742099777659,-0.998176285114,-0.0399844709704
1596272317117520630,246,1596195663970714227,map,0.300392270088,-0.0549650192261,-0.370825707912,-0.0425473656742,-0.00905869421231,-0.998495387354,-0.0333859725857
1596272317618995455,247,1596195664472851831,map,0.358485579491,-0.115133285522,-0.461549729109,-0.0496627490216,-0.00896974113202,-0.997301445224,-0.0533196254548
1596272318117095044,248,1596195664970675685,map,0.384872794151,-0.169691085815,-0.511410832405,-0.050189499923,-0.00645734441748,-0.99389617552,-0.0980291236648
1596272318617999016,249,1596195665471919747,map,0.374484181404,-0.154963493347,-0.53002679348,-0.0512030054907,-0.00358337942367,-0.98556419845,-0.161333884704
1596272319117194937,250,1596195665970629903,map,0.324107050896,-0.0999336242676,-0.523428738117,-0.0501345649057,-0.000949040166317,-0.967940172017,-0.246124862863
1596272319597124166,251,1596195666450872820,map,0.330227613449,-0.0517492294312,-0.526138544083,-0.0484619657622,-0.00506910857361,-0.941870716805,-0.332423366864
1596272320121286048,252,1596195666970620163,map,0.397190093994,-0.00783348083496,-0.531258523464,-0.0493579300316,-0.000886143664609,-0.903856136781,-0.424978933002
1596272320618236433,253,1596195667471890788,map,0.479739665985,-0.198221206665,-0.537670969963,-0.0601507619509,-0.00702681246873,-0.846903774848,-0.528286386245
1596272321097582044,254,1596195667950838601,map,0.0971610546112,-0.122019767761,-0.0277466997504,-0.0718299393195,-0.00157927017609,-0.755706399585,-0.650957604879
1596272321618455938,255,1596195668471910007,map,0.186866879463,-0.115056991577,-0.0429492071271,-0.0625792043905,0.0102694215929,-0.659507220575,-0.749018429791
1596272322117635691,256,1596195668970897090,map,0.497589468956,0.057409286499,0.0030684247613,-0.0566169775261,0.025709390918,-0.531151766387,-0.844991920753
1596272322618191615,257,1596195669471887298,map,0.694392323494,0.015721321106,-0.0334065854549,-0.0421198043519,0.0399614301541,-0.421112218489,-0.90514833349
1596272323116986238,258,1596195669970887610,map,0.276295900345,-0.186980247498,-0.0318336635828,-0.0334114013655,0.014153833031,-0.341970831526,-0.93900974311
1596272323625892274,259,1596195670471804589,map,0.680084943771,-0.468156814575,-0.0545916855335,-0.0498242967893,0.0362945677502,-0.214296580326,-0.974821634691
1596272324116630969,260,1596195670970901568,map,0.289498806,-0.35019493103,-0.0309311747551,-0.0407182442422,0.0435635389292,-0.113286414153,-0.991771360259
1596272324619070273,261,1596195671471820214,map,0.500086307526,-0.556720733643,-0.0873898714781,-0.0414486369183,0.0587115764866,-0.0904444599882,-0.993304968749
1596272325117173218,262,1596195671970844432,map,0.12166428566,-0.055793762207,-0.0778534114361,-0.0286208632986,0.0532552524166,-0.0418491695519,-0.997293021775
1596272325618368856,263,1596195672471838599,map,0.37841963768,6.86645507812e-05,-0.0586687326431,-0.0159472002229,0.0508128316502,-0.00948516668372,-0.998535815361
1596272326117684003,264,1596195672970835474,map,0.716339349747,-0.15415763855,-0.0537745058537,-0.0213361464474,0.0481346007988,0.00411191703934,-0.998604486871
1596272326618343252,265,1596195673471844119,map,0.962199926376,-0.288374900818,-0.041422098875,-0.0220008041897,0.0540995812256,-0.0213879030356,-0.998064004726
1596272327117739511,266,1596195673970391098,map,0.23730134964,-0.156444549561,0.0466541051865,-0.0156630724415,0.0472706398889,-0.0106921015054,-0.998702074561
1596272327618913992,267,1596195674471880473,map,0.43857383728,-0.20226764679,0.0746076256037,-0.0131576247617,0.0602808310204,0.00435162697247,-0.998085247694
1596272328117793170,268,1596195674970382817,map,0.611721515656,-0.0932579040527,0.108070701361,-0.0122284096734,0.0585546974934,0.00586497348976,-0.998192073443
1596272328619470232,269,1596195675471851619,map,0.837274074554,0.0459394454956,0.148874670267,0.00552556328598,0.0570499290544,0.0454957723592,-0.997318859965
1596272329117005708,270,1596195675970897452,map,0.00747299194336,-0.0536499023438,0.0291086137295,0.000777024154492,0.0662328371052,0.127020199481,-0.989686049435
1596272329618909044,271,1596195676471838597,map,-0.0605883598328,-0.0311079025269,0.0150748491287,0.00343205784152,0.0645407612839,0.195433872271,-0.97858485206
1596272330117396842,272,1596195676970881097,map,-0.0373954772949,-0.00946044921875,-0.0449477136135,0.00748965296663,0.0637625933327,0.302821766216,-0.950882334832
1596272330618023125,273,1596195677471888649,map,0.0541973114014,-0.0377511978149,-0.0319144278765,0.0191787604558,0.0642769590286,0.426649275966,-0.901926295771
1596272331116833744,274,1596195677970262815,map,0.0314707756042,-0.0838031768799,-0.046894878149,0.0291604042831,0.0707345306387,0.485983900663,-0.870612396704
1596272331621466635,275,1596195678471858544,map,-0.148718833923,-0.0231885910034,-0.103811040521,0.0231707338833,0.0654979955045,0.516434445905,-0.853503715727
1596272332116835418,276,1596195678970176044,map,-0.226753234863,0.121891021729,-0.115439608693,0.0284837251167,0.0619599928893,0.55490400406,-0.829114698316
1596272332618258952,277,1596195679471887346,map,-0.181196689606,0.121566772461,-0.0919947177172,0.0187053909936,0.0572707709088,0.528064424264,-0.847064419613
1596272333116559848,278,1596195679969962346,map,-0.149443149567,0.147197723389,-0.150282278657,0.0293292854928,0.0584821177255,0.451976129762,-0.889627569854
1596272333618466202,279,1596195680471887867,map,-0.187204360962,0.240584373474,-0.285671710968,0.026361251505,0.0378202035593,0.389616176702,-0.919822782646
1596272334117259003,280,1596195680970147866,map,-0.0185089111328,0.396686553955,-0.48257702589,0.0206530034493,0.0507265608914,0.226515057189,-0.972466553839
1596272334618251202,281,1596195681471871825,map,0.219218730927,0.57479095459,-0.597295999527,0.000719552578053,0.0382870368612,-0.0639283008371,-0.997219513149
1596272335118203868,282,1596195681970899637,map,0.0647611618042,0.0430059432983,-0.0423215031624,-0.0159109988536,0.0321431031162,-0.30442098729,-0.951862134731
1596272335617619490,283,1596195682470190314,map,0.0908932685852,0.141554832458,-0.022630572319,0.00812415476357,0.0222577510786,-0.485315818168,-0.874017818618
1596272336116799311,284,1596195682970064324,map,0.199546813965,0.180997848511,0.0825769305229,-0.00136776259841,0.0432034625872,-0.594654819953,-0.802818307684
1596272336597771741,285,1596195683450780418,map,0.242357254028,0.248611450195,0.136399209499,-0.018274824956,0.0278428460486,-0.716820737742,-0.696461654824
1596272337117939800,286,1596195683970073178,map,0.285873889923,0.402340888977,0.231399178505,-0.029830651821,0.0154753323202,-0.814366669468,-0.579376884214
1596272337617513185,287,1596195684470835990,map,0.253939628601,0.481708526611,0.28944504261,-0.033858832629,0.0151588089071,-0.870021202385,-0.491616616244
1596272338117409696,288,1596195684970885261,map,0.106017589569,0.246170043945,0.0846103131771,-0.0283883271669,0.0167014139555,-0.871751838521,-0.488839337296
1596272338618005330,289,1596195685470599583,map,-0.0736198425293,0.581508636475,0.136602371931,-0.0274948916384,0.0110935327839,-0.888624424141,-0.45767630186
1596272339117965798,290,1596195685970865312,map,-0.315367221832,0.279331207275,0.0614125728607,-0.036821140559,0.0177478056682,-0.928637343167,-0.368730123366
1596272339597980610,291,1596195686450943750,map,-0.655801773071,0.483535766602,0.13418366015,-0.0190075231887,0.0120192761106,-0.953132751902,-0.301715442621
1596272340118350086,292,1596195686970902083,map,-0.412918567657,0.21962928772,0.0698820650578,-0.0321627469057,0.00447097436964,-0.978264239169,-0.204803921992
1596272340618182889,293,1596195687470845156,map,-0.721083164215,0.407313346863,0.108377210796,-0.0314983617525,0.00804033783398,-0.995529798787,-0.088677087808
1596272341118091886,294,1596195687970895416,map,-0.225438594818,0.127432823181,0.052391178906,-0.0202376520834,0.000812258616892,-0.998785163887,-0.0449218663241
1596272341617770653,295,1596195688470894895,map,-0.391784667969,0.304681777954,0.0474771484733,-0.0323490924354,-0.0125713073948,-0.999244225435,0.0175064669338
1596272342116629819,296,1596195688969862551,map,-0.167232036591,0.0691795349121,0.0106960907578,-0.0290328980596,-0.00348295497063,-0.999072504669,0.031608389223
1596272342618208192,297,1596195689470891561,map,-0.284082651138,0.303516387939,0.0283619128168,-0.0223382382545,-0.00472422967239,-0.99941698695,-0.0253844630074
1596272343117806111,298,1596195689970017550,map,-0.519517183304,0.682916164398,0.00407616049051,-0.0326755751431,-0.0150220079628,-0.998579973418,-0.039302452278
1596272343617720181,299,1596195690470073696,map,-0.655336141586,0.810433387756,0.0875972136855,-0.0349118158435,-0.00835253906033,-0.99671832715,-0.0725532668358
1596272344098683818,300,1596195690949740102,map,-0.156002521515,-0.0142207145691,0.0378503985703,-0.0395223465873,-0.00381861014597,-0.988226864385,-0.14775339876
1596272344617722478,301,1596195691470128435,map,-0.253893136978,-0.0517358779907,0.0797423869371,-0.0451402579491,0.014788642905,-0.990941081992,-0.125616181978
1596272345117074492,302,1596195691969921508,map,-0.392559289932,-0.0280027389526,0.0746035650373,-0.0446744841201,0.0173091512297,-0.99401674198,-0.0981595660987
1596272345597631301,303,1596195692450669008,map,-0.483578443527,-0.113394260406,0.0618750452995,-0.0363943925017,0.00941626313625,-0.999238409197,-0.0104586695329
1596272346116834444,304,1596195692969897497,map,-0.0554127693176,-0.122745037079,-0.130828782916,-0.0441732305034,0.00252266404431,-0.976786976488,0.209593808201
1596272346617403103,305,1596195693469863018,map,-0.0938124656677,-0.03542137146,-0.340207308531,-0.0217397217211,-0.0206131358446,-0.988971093442,0.145047093962
1596272347119535956,306,1596195693970888174,map,0.0286855697632,-0.0294046401978,-0.505273878574,-0.0103433132718,-0.0316675590688,-0.994637365915,-0.0979116535408
1596272347616726416,307,1596195694469848226,map,0.0817763805389,-0.123126506805,-0.733589112759,-0.00805398586665,-0.00167889389201,-0.973987875411,-0.226450730135
1596272348097794576,308,1596195694949878278,map,-0.0211749076843,-0.128341674805,-0.80444508791,0.00890768355856,0.00252756913884,-0.963351736355,-0.268081511166
1596272348616747124,309,1596195695469847028,map,-0.0469629764557,-0.0875878334045,-0.724173009396,-0.0264236730186,0.00671970219829,-0.964769287499,-0.261680830411
1596272349117780970,310,1596195695969773329,map,0.029093503952,-0.218493938446,-0.636409044266,-0.0264653840483,0.00699390696967,-0.966839232462,-0.253914488134
1596272349598023543,311,1596195696450712340,map,0.0713942050934,-0.271218299866,-0.522811949253,-0.0152652253911,0.000966118722488,-0.966876615591,-0.254785497489
1596272350117064343,312,1596195696969655985,map,0.0973591804504,-0.228284358978,-0.418904900551,-0.0143932018711,0.000669855808581,-0.9667242823,-0.255414465222
1596272350617592741,313,1596195697470027704,map,0.132420063019,-0.156556129456,-0.297535121441,-0.0142404532713,4.83479358744e-05,-0.966592843417,-0.255920851453
1596272351096931901,314,1596195697949789891,map,0.143552780151,-0.198662281036,-0.197600722313,-0.0137271423756,5.28103828972e-05,-0.966531693099,-0.256179720134
1596272351598153043,315,1596195698450689474,map,-0.0230185985565,-0.27440071106,-0.14531776309,-0.0132845311464,0.000716452363332,-0.966404011058,-0.256683258783
1596272352116833905,316,1596195698969573849,map,-0.145004272461,-0.261274337769,-0.0753485113382,-0.0122496974106,0.00101619125336,-0.9663516086,-0.256930887254
1596272352598044185,317,1596195699449921349,map,-0.203558206558,-0.225701332092,-0.0286651328206,-0.0120294015866,0.000747898143994,-0.96630485275,-0.257117999558
1596272353119713015,318,1596195699969897963,map,-0.219902992249,-0.164818763733,0.034297555685,-0.0120669056172,0.000556994846654,-0.966265005167,-0.257266436474
1596272353619818627,319,1596195700469842546,map,-0.20733165741,-0.131426334381,0.0603994652629,-0.0123101160309,0.000426729988163,-0.96619313691,-0.257524952447
1596272354116990365,320,1596195700969887390,map,-0.243453502655,-0.0867557525635,0.0677123814821,-0.0125714546523,0.000504362446733,-0.966173905376,-0.257584333214
1596272354617540867,321,1596195701469927859,map,-0.284445285797,-0.0708227157593,0.0617764294147,-0.0124943786293,0.000600816291504,-0.966105173584,-0.257845541162
1596272355117734158,322,1596195701969914421,map,-0.345287561417,-0.0353388786316,0.0439318194985,-0.0126302905536,0.000817230760893,-0.96606684033,-0.257981913919
1596272355597144887,323,1596195702449432337,map,-0.380395174026,0.0148496627808,-0.00265365839005,-0.0126796030613,0.000905694409081,-0.966021742658,-0.258148019742
1596272356117355087,324,1596195702969850879,map,-0.462083101273,0.0570135116577,-0.0731676965952,-0.0127922624512,0.000981228385017,-0.965999190376,-0.258226566032
1596272356617625940,325,1596195703469828795,map,-0.487570524216,0.132113933563,-0.0935332775116,-0.0127774533211,0.000984896534847,-0.965929096687,-0.25848935537
1596272357117053789,326,1596195703969849264,map,-0.00652050971985,0.103412628174,0.00423666462302,-0.0130198627607,0.000805241099045,-0.965878554267,-0.258666683527
1596272357617504209,327,1596195704469851243,map,-0.0270838737488,0.183822631836,-0.0227842889726,-0.0131459074853,0.000587611706499,-0.965802877474,-0.258943317526
1596272358117564765,328,1596195704969889784,map,-0.0666091442108,0.25572347641,-0.041531059891,-0.0132512126655,0.000580022156923,-0.965759803401,-0.259098574046
