%time,field.header.seq,field.header.stamp,field.header.frame_id,field.pose.position.x,field.pose.position.y,field.pose.position.z,field.pose.orientation.x,field.pose.orientation.y,field.pose.orientation.z,field.pose.orientation.w
1596461440090226634,132,1596460704900734111,map,-0.473632246256,0.582518100739,0.0692622810602,-0.0348332820947,-0.0153188303135,-0.726072963968,0.686563927753
1596461440107842280,133,1596460705361552496,map,-0.483272820711,0.59699010849,0.0252021700144,-0.0352609398627,-0.0117792619664,-0.727390610196,0.68521588956
1596461440610566635,134,1596460705900661507,map,-0.519217908382,0.612912654877,-0.0450587272644,-0.0399004930417,-0.0102828543863,-0.73142646655,0.680674325644
1596461441583335357,135,1596460706361809111,map,-0.542281508446,0.628936052322,-0.09333114326,-0.032069684993,-0.00918682986942,-0.727805429216,0.684971820344
1596461441814125698,136,1596460706879997860,map,-0.544693231583,0.642103910446,-0.152797088027,-0.0300689106468,-0.0145954494768,-0.719997429098,0.693171360891
1596461442566630459,137,1596460707362392912,map,-0.568032085896,0.655812501907,-0.215614676476,-0.0370750520193,-0.00734683368233,-0.71355648526,0.699577448819
1596461442616049009,138,1596460707880463745,map,-0.597859978676,0.661696434021,-0.274241507053,-0.0352075770574,-0.0109031258986,-0.715874185124,0.697255834996
1596461443581007444,139,1596460708360907495,map,-0.62240344286,0.66946554184,-0.32209199667,-0.0374939497538,-0.0134854808942,-0.717305111309,0.695618949445
1596461444074232341,140,1596460708900544630,map,-0.688107907772,0.620307683945,-0.386967778206,-0.0385281160925,-0.0181926975538,-0.722050123967,0.69052750018
1596461445613886241,141,1596460709360294734,map,-0.738390147686,0.468748807907,-0.432572543621,-0.0293109613242,-0.0181681414276,-0.712155213687,0.701174541609
1596461445613905630,142,1596460709880395307,map,-0.737863183022,0.13525724411,-0.468490600586,-0.0435718587242,-0.0168065383485,-0.707986027282,0.704680650061
1596461445629883608,143,1596460710361324994,map,-0.771586418152,-0.16619181633,-0.500275671482,-0.0362190798567,-0.0118920272241,-0.722385837007,0.690438600046
1596461445630079074,144,1596460710900433588,map,-0.813523650169,-0.511816978455,-0.49028301239,-0.0293457925997,-0.00346059021516,-0.717184245357,0.696256854174
1596461446115488704,145,1596460711380394109,map,-0.774532735348,-0.866439819336,-0.508681356907,-0.0415055421628,-0.0055389418645,-0.713315184221,0.699591350756
1596461447065356990,146,1596460711900448692,map,-0.755796313286,-1.24128890038,-0.471562504768,-0.0441488136261,-0.00454058972056,-0.720740331074,0.691782943172
1596461447098941853,147,1596460712360599317,map,-0.771693050861,-1.61658728123,-0.46540081501,-0.0509198465386,-0.012648577998,-0.720754699679,0.691201740155
1596461448090478730,148,1596460712900484837,map,-0.715871691704,-2.0044233799,-0.454154908657,-0.0409788504278,-0.00626531414102,-0.730337212125,0.681827717419
1596461448770815875,149,1596460713380406452,map,-0.68219524622,-2.35746192932,-0.416858434677,-0.0474113390309,-0.00807877460987,-0.746713943106,0.663404239889
1596461449572632082,150,1596460713900518379,map,-0.690060973167,-2.83528733253,-0.367880702019,-0.0655155242301,-0.0305135636062,-0.737060404192,0.671951336849
1596461449572945339,151,1596460714380443847,map,-0.662770271301,-3.22856521606,-0.311261206865,-0.0580718379872,-0.0130538961882,-0.733891399366,0.676654026341
1596461449654602210,152,1596460714900394941,map,-0.639709472656,-3.60924291611,-0.217265874147,-0.0516701534687,-0.0107856326259,-0.741030936448,0.669393021024
1596461450079271277,153,1596460715361297076,map,-0.67036741972,-3.97547698021,-0.138391345739,-0.0517673830176,-0.0178238875557,-0.733363109806,0.67762895176
1596461450616883215,154,1596460715900312649,map,-0.709066987038,-4.34502410889,-0.058755107224,-0.0491164798874,-0.0120976708943,-0.725448963632,0.686414611534
1596461451575232851,155,1596460716361341815,map,-0.728565812111,-4.6404747963,0.0173206329346,-0.0633406213857,-0.0322469725013,-0.739508177597,0.669384608215
1596461451615269767,156,1596460716900469211,map,-0.782098710537,-5.01968717575,0.0646998435259,-0.0541001680838,-0.0258913192224,-0.734084834142,0.676403923469
1596461452118250697,157,1596460717380390877,map,-0.767111241817,-5.32391500473,0.101793557405,-0.0636090176116,-0.0321385435435,-0.723511291733,0.686623927367
1596461452599716932,158,1596460717879774575,map,-0.740609049797,-5.66512203217,0.148383274674,-0.072595684902,-0.0402759228845,-0.736099659981,0.671762612197
1596461453076384333,159,1596460718361324575,map,-0.806572258472,-6.00869750977,0.145865097642,-0.0581673236534,-0.0273780335904,-0.744886877476,0.66408624854
1596461453804553176,160,1596460718880411033,map,-0.828805804253,-6.3915977478,0.155715659261,-0.0584759730606,-0.0332794244502,-0.737598045276,0.671879575585
1596461454787878224,161,1596460719360355095,map,-0.817338168621,-6.73905754089,0.161354109645,-0.0563126344603,-0.0302745712051,-0.737468852605,0.672348145662
1596461455316284561,162,1596460719900149001,map,-0.892939984798,-7.14509773254,0.138056442142,-0.0568114350692,-0.0268763805343,-0.748648569004,0.659981394543
1596461455333301233,163,1596460720360167074,map,-0.932528853416,-7.43239498138,0.17054758966,-0.0600875093686,-0.0238458111238,-0.730385668982,0.679968854475
1596461455630789976,164,1596460720900167438,map,-0.912976861,-7.80941200256,0.195471391082,-0.0519866266479,-0.0319402711002,-0.729263371406,0.681507259578
1596461456622665664,165,1596460721360347022,map,-0.929169774055,-8.07155990601,0.223465010524,-0.0466626752132,-0.0217421272284,-0.74711502557,0.662698282187
1596461457059130625,166,1596460721900161292,map,-0.969888448715,-8.46057891846,0.247522160411,-0.0494927009485,-0.02613750216,-0.752253808507,0.656491821061
1596461457077784159,167,1596460722360708271,map,-0.966584205627,-8.81581020355,0.225267216563,-0.053977813512,-0.0128441332211,-0.746740720601,0.662796892031
1596461457612391365,168,1596460722900095458,map,-0.957629561424,-9.13873767853,0.245387598872,-0.0534600719103,-0.025661551823,-0.756173893236,0.651678255474
1596461458095216956,169,1596460723380417073,map,-0.994740724564,-9.47573280334,0.247042819858,-0.058943614184,-0.0307750125704,-0.760636119086,0.645764077113
1596461458610868649,170,1596460723880412750,map,-0.971305668354,-9.7588634491,0.215233758092,-0.0608391934369,-0.0278700857238,-0.745956186193,0.662624493318
1596461459123898856,171,1596460724380465666,map,-0.935861229897,-10.038479805,0.225230529904,-0.0633107220884,-0.0247245164915,-0.754303718059,0.652997972183
1596461460078680204,172,1596460724879480406,map,-0.989503979683,-10.3945245743,0.181543216109,-0.0591361217614,-0.0259129144134,-0.764860683638,0.640952084476
1596461460101857643,173,1596460725360941239,map,-1.01251447201,-10.7263336182,0.17645816505,-0.0486307131911,-0.0200226154448,-0.764799806194,0.64211790588
1596461460626307555,174,1596460725900439311,map,-1.01764082909,-11.1624641418,0.165519103408,-0.066851229655,-0.0305739209317,-0.770551315776,0.63312464666
1596461461651141468,175,1596460726360238582,map,-1.0548208952,-11.5270872116,0.125668391585,-0.05317727406,-0.0341860943603,-0.782693010384,0.619189098718
1596461461661540432,176,1596460726879413894,map,-1.06713032722,-11.8862218857,0.128812596202,-0.066441218713,-0.0356956276621,-0.759452693666,0.646175667064
1596461462577412970,177,1596460727360372175,map,-1.02978801727,-12.2515201569,0.0948448628187,-0.0645654072666,-0.0242014782577,-0.755999579144,0.650930282725
1596461463075715285,178,1596460727899891811,map,-0.991322815418,-12.6327953339,0.0561220645905,-0.0571191634566,-0.0253923636308,-0.765995387987,0.639799730086
1596461463120854989,179,1596460728360167696,map,-1.00345265865,-12.987991333,0.0148439854383,-0.0561301517363,-0.0289318903035,-0.760796184917,0.645911384638
1596461463595060272,180,1596460728879412435,map,-0.994394242764,-13.3266267776,-0.043100990355,-0.0504302753564,-0.028285032243,-0.75124504112,0.657485842031
1596461464129527547,181,1596460729360607904,map,-0.962286114693,-13.7022075653,-0.072546325624,-0.0513405255782,-0.0134964372894,-0.753890232634,0.654852283918
1596461465605356684,182,1596460729899791445,map,-0.993586242199,-14.0429487228,-0.113310605288,-0.0408249940084,-0.0124233798206,-0.75667414414,0.65239805264
1596461465605395668,183,1596460730360607487,map,-1.04146659374,-14.3177633286,-0.129661053419,-0.0510248514152,-0.00540911711707,-0.747162587138,0.662657735465
1596461465658974280,184,1596460730899837695,map,-1.00882852077,-14.7066230774,-0.162640064955,-0.0459380954503,-0.00284728113582,-0.746555127579,0.663729633105
1596461466158513308,185,1596460731359941861,map,-0.991137623787,-14.9644165039,-0.157321766019,-0.0508195541322,-0.0183854606274,-0.770600154166,0.635023424887
1596461466700571036,186,1596460731899716809,map,-1.03625047207,-15.3227844238,-0.155629679561,-0.0566399517201,-0.0264434439059,-0.764295780146,0.641829121024
1596461467556445450,187,1596460732360383372,map,-1.01032733917,-15.4512310028,-0.127467647195,-0.064698747917,-0.00850497153708,-0.773589581471,0.630318091852
1596461467611446210,188,1596460732879463580,map,-0.928558588028,-15.4821949005,-0.115449905396,-0.0556169219102,-0.00597569500586,-0.804181362391,0.591746048106
1596461468108153841,189,1596460733359714829,map,-0.829768538475,-15.4740753174,-0.0962429344654,-0.0501126265709,-0.0159191868058,-0.719714819265,0.692275872091
1596461468644253317,190,1596460733899720454,map,-0.527301490307,-15.2675247192,-0.0538782700896,0.0649120458821,0.0267555499485,0.48125858504,-0.873762405447
1596461469231090136,191,1596460734360285350,map,-0.392707467079,-15.0629930496,-0.00723978877068,0.0508979051245,0.0600809654151,0.188038519443,-0.97900010013
1596461469597779167,192,1596460734879426391,map,-0.512630701065,-15.0247268677,0.0242482423782,0.0361843482114,0.066593903066,-0.18973427486,-0.978905945412
1596461470077348520,193,1596460735359669464,map,-0.629804313183,-14.9379959106,0.027794778347,0.0174461188978,0.0633244194639,-0.478376354066,-0.87569498954
1596461471310683612,194,1596460735900090818,map,-0.599313020706,-14.8310012817,0.0375350564718,-0.00924896423028,0.0517305636132,-0.571346518726,-0.819024762134
1596461471595955126,195,1596460736359760349,map,-0.454337596893,-14.5246753693,0.038704097271,-0.009926884903,0.0525637623471,-0.601080458334,-0.797396256859
1596461471615590333,196,1596460736900369359,map,-0.42376357317,-14.1471862793,0.0625212490559,-0.00996869499493,0.0490795159142,-0.637341294326,-0.768952469783
1596461472811309264,197,1596460737379497745,map,-0.445258677006,-13.7549495697,0.0809472352266,-0.00308757459775,0.0633200789391,-0.637762156508,-0.767620001181
1596461472817789346,198,1596460737900408474,map,-0.401815503836,-13.3324785233,0.0717699676752,-0.00362349126051,0.0563171876247,-0.626910474449,-0.777044723111
1596461473074193832,199,1596460738360502796,map,-0.359733104706,-13.0134057999,0.0793129503727,-0.0107054055692,0.0531705682167,-0.640701341251,-0.765872101781
1596461474072094046,200,1596460738900461025,map,-0.3695320189,-12.6375045776,0.0730284303427,-0.00764486399299,0.0697236652412,-0.625865520449,-0.776770569006
1596461474594186951,201,1596460739379999931,map,-0.372105360031,-12.4115962982,0.064920142293,-0.00988481207178,0.0625952776685,-0.607343962938,-0.791907464535
1596461475555528442,202,1596460739879090452,map,-0.296483278275,-12.0640687943,0.0671099871397,-0.0149800482185,0.0651767680471,-0.612384701694,-0.787726198748
1596461475555570342,203,1596460740380389462,map,-0.297966122627,-11.7524585724,0.0626967251301,-0.00392749705765,0.0624030523739,-0.624993893826,-0.778121498547
1596461475593770072,204,1596460740878865504,map,-0.306346297264,-11.3619241714,0.0905363708735,-0.0105275414571,0.0685781559355,-0.615933181355,-0.784737232139
1596461476071989829,205,1596460741360450712,map,-0.294749319553,-11.018155098,0.108507171273,-0.00473411505309,0.0684691142852,-0.611271840725,-0.788439157627
1596461476611595270,206,1596460741899412014,map,-0.317723214626,-10.6859064102,0.146995976567,-0.0139148310393,0.0681670351789,-0.628838939123,-0.774416697544
1596461477573285295,207,1596460742359603368,map,-0.352448165417,-10.3267049789,0.154012128711,-0.0127642118547,0.0803860987063,-0.630977425596,-0.771519694122
1596461477611622600,208,1596460742879510920,map,-0.374429583549,-9.95007228851,0.164597138762,-0.0177694689871,0.0566761176157,-0.626400510643,-0.777235140695
1596461478575203057,209,1596460743360534774,map,-0.346033483744,-9.4762468338,0.179057821631,-0.0103531604389,0.0705270571474,-0.648456405945,-0.75790701004
1596461479312599906,210,1596460743899438940,map,-0.374110668898,-9.04525852203,0.13927231729,-0.0101490223728,0.0662155842726,-0.652083065717,-0.755182209238
1596461480059902622,211,1596460744359847429,map,-0.397935241461,-8.67183589935,0.107112899423,-0.00646741954474,0.0762011838601,-0.6320872296,-0.771114314638
1596461480063997945,212,1596460744899413992,map,-0.347771793604,-8.21862888336,0.0683894604445,-0.00611560778928,0.0613821607898,-0.629555827263,-0.774502608154
1596461480824352614,213,1596460745360362064,map,-0.32499936223,-7.86966514587,0.0814781934023,-0.00862147424761,0.064463767878,-0.634901439944,-0.769850800071
1596461480824360247,214,1596460745899390658,map,-0.332401305437,-7.40120029449,0.0725027471781,0.000373260738066,0.0767715487212,-0.627483118979,-0.774836063551
1596461481615067803,215,1596460746379487377,map,-0.317030638456,-7.04017829895,0.0693025439978,0.00384180047958,0.0720958586796,-0.624207516197,-0.77791542243
1596461481632178848,216,1596460746879436231,map,-0.226569354534,-6.60687208176,0.0995123237371,-0.0129682797171,0.0671162116302,-0.640631429095,-0.764799718824
1596461482101845640,217,1596460747359513262,map,-0.230577588081,-6.25175857544,0.0871221423149,-0.00684221922203,0.0716380426978,-0.63836344299,-0.766363679677
1596461483071744215,218,1596460747879462584,map,-0.229929566383,-5.82576942444,0.128169581294,-0.0103939751779,0.0769004109693,-0.624013096788,-0.777551250472
1596461483111326338,219,1596460748399253782,map,-0.168030917645,-5.46582889557,0.128363862634,-0.0188233538517,0.0748247983698,-0.620302394629,-0.780558691013
1596461484056547874,220,1596460748899075917,map,-0.1681625247,-5.15692520142,0.158734992146,-0.0178642943908,0.0783582932827,-0.641167026938,-0.7631812946
1596461484091536582,221,1596460749379409250,map,-0.197721481323,-4.7573223114,0.140738770366,-0.0153043088427,0.0753269699744,-0.634955609211,-0.768715161849
1596461484619875996,222,1596460749899089250,map,-0.22591227293,-4.44854831696,0.150246158242,-0.0209351940368,0.0777548051116,-0.617117592885,-0.782739921356
1596461485590108688,223,1596460750399294771,map,-0.190422356129,-4.10318040848,0.134333923459,-0.0288631081649,0.0894376977468,-0.637188913586,-0.764956278236
1596461485599502816,224,1596460750879496854,map,-0.195450723171,-3.74838829041,0.0941358059645,-0.0166739919903,0.0784467294558,-0.646890994336,-0.758353565348
1596461486102798128,225,1596460751359547114,map,-0.244054496288,-3.4090256691,0.0941476821899,-0.0107048080563,0.062670159815,-0.634347191707,-0.770429424754
1596461487125519193,226,1596460751878536229,map,-0.184957921505,-3.05147767067,0.0239097476006,-0.00813368755299,0.0605259077864,-0.633993936829,-0.770922918117
1596461487129042941,227,1596460752359655135,map,-0.166150033474,-2.77634239197,-0.00476580858231,-0.00254655884697,0.0609888722982,-0.646694624223,-0.760302528929
1596461487616631313,228,1596460752899021697,map,-0.169161856174,-2.38030266762,-0.0398036986589,-0.00149725734477,0.0536017323816,-0.636903936064,-0.769076061734
1596461488592587496,229,1596460753359475186,map,-0.164497375488,-2.084867239,-0.047086559236,-0.00115308145054,0.0582033682007,-0.627234286081,-0.776651909608
1596461489174401583,230,1596460753899035134,map,-0.128092050552,-1.67913413048,-0.0344713926315,-0.00607361725764,0.0535866580776,-0.643440676593,-0.763593921503
1596461489174448100,231,1596460754359552686,map,-0.156794369221,-1.36604845524,-0.0849740952253,0.00233606435299,0.0518171230946,-0.651538239318,-0.756840439765
1596461490110387275,232,1596460754898995030,map,-0.217252194881,-0.985183000565,-0.102209478617,-0.0135836424594,0.0691855612499,-0.619121128822,-0.782123948373
1596461490618209221,233,1596460755359380081,map,-0.185443520546,-0.640853643417,-0.15535274148,-0.0124330562968,0.0597929586296,-0.623370831267,-0.77953770142
1596461490640191221,234,1596460755879295758,map,-0.193504631519,-0.308280467987,-0.125935524702,0.00102657941857,0.0617126814995,-0.634989239278,-0.770051398985
1596461491075258921,235,1596460756359586696,map,-0.200280547142,0.0401387214661,-0.146704107523,0.00722694376565,0.0594320690929,-0.639305687531,-0.766618443776
1596461491666943577,236,1596460756899468258,map,-0.20194798708,0.372452020645,-0.142447650433,0.00209810617772,0.0580168537941,-0.620722043742,-0.781878371001
1596461492102751374,237,1596460757378461747,map,-0.171117842197,0.701607227325,-0.103713586926,-0.00450655160963,0.0490310058271,-0.637463466957,-0.768905702772
1596461492611117394,238,1596460757899414664,map,-0.210429489613,1.07943964005,-0.0717153400183,0.0156232291911,0.0391831956828,-0.648836882578,-0.759757390021
1596461493098321725,239,1596460758359167945,map,-0.255011975765,1.39162707329,-0.00426158308983,0.00610632942463,0.0494803421306,-0.624555345866,-0.779387598332
1596461493633207289,240,1596460758899418882,map,-0.273577690125,1.56509280205,0.0579854846001,0.00503288219962,0.0357095958803,-0.643183611071,-0.764862299573
1596461494621303181,241,1596460759398818517,map,-0.323370426893,1.60639643669,0.1260740906,0.0248819771582,0.0231298501645,-0.649060839245,-0.759977581381
1596461495090728964,242,1596460759898792840,map,-0.340243041515,1.63038706779,0.192669734359,0.0202458124027,0.0224928097658,-0.640849623875,-0.76706971011
1596461495620488357,243,1596460760399457475,map,-0.338026016951,1.63239884377,0.260722994804,0.0104268023597,0.0225385344007,-0.632569544578,-0.774105333616
1596461495634696899,244,1596460760899405965,map,-0.319715231657,1.6501595974,0.31584239006,0.00484980739684,0.0249083577949,-0.635299273739,-0.771849004577
1596461496620694119,245,1596460761359407631,map,-0.289046704769,1.70199513435,0.371119558811,0.00407281285336,0.0226031774672,-0.636443984987,-0.770980909321
1596461496643435026,246,1596460761878462944,map,-0.267761230469,1.74818825722,0.413807928562,0.00134847932181,0.0246088329531,-0.637650551009,-0.769931400673
1596461497579731824,247,1596460762359730027,map,-0.24421787262,1.75507044792,0.438955664635,0.00527474498074,0.0258804029197,-0.63792072366,-0.769648966826
1596461497609052096,248,1596460762878420079,map,-0.218093633652,1.76428151131,0.485813319683,0.0083456699213,0.0206557146224,-0.641953764305,-0.766419634236
1596461498091721493,249,1596460763359456276,map,-0.202578186989,1.74102520943,0.525195538998,0.0133693235906,0.0186377512626,-0.636442437517,-0.770983086158
1596461498607270540,250,1596460763879332630,map,-0.186460375786,1.72871994972,0.56327778101,0.0151346485884,0.0115545109702,-0.629965688774,-0.776389507049
1596461499084898129,251,1596460764359779036,map,-0.171742558479,1.70892453194,0.585268974304,0.00296070823716,0.0254319133434,-0.633336374228,-0.773452965002
1596461499598194408,252,1596460764878143672,map,-0.128477454185,1.71259713173,0.559417903423,0.00751019101516,0.0228604678614,-0.636358995686,-0.771017655213
